  5.4775430E-03
 -6.0713422E-03
 -3.3939127E-03
 -2.1507889E-02
 -6.8442523E-04
 -5.0273109E-03
 -4.5870030E-03
 -9.3100034E-04
  6.9615226E-03
 -1.7557671E-02
 -4.5407764E-03
  7.7129509E-03
 -3.7097309E-03
  3.8623838E-03
  1.6436221E-02
 -7.5591728E-05
  6.3606016E-03
  4.5475978E-03
  1.7072298E-03
  2.1388624E-03
  6.1243512E-03
 -1.0041986E-04
  5.2765049E-03
 -7.2156335E-03
  1.2877865E-02
  4.1484460E-03
  3.1857993E-03
  1.7465346E-02
  6.1496235E-03
  1.6411673E-03
  1.4950968E-03
  4.8943460E-03
  9.3203988E-03
  5.0742924E-03
  4.4940710E-03
  2.4378270E-02
 -1.7524129E-02
  7.1375333E-03
 -6.1872602E-03
 -1.8005632E-03
 -5.1949751E-03
 -1.3800240E-02
 -5.9224796E-03
 -1.3156122E-02
 -4.5149233E-03
 -8.3811674E-04
 -2.8365264E-03
 -1.7505351E-02
 -1.7317776E-02
 -9.2870118E-03
 -4.2290241E-03
 -5.9700739E-03
 -1.0810792E-04
 -8.8742282E-03
 -3.7514344E-03
 -1.1038315E-02
 -1.9838136E-02
 -8.7819695E-03
 -1.5393831E-03
 -1.7213365E-03
  4.8635239E-03
  1.7968211E-03
 -1.1034204E-02
 -1.8859860E-03
 -7.1449857E-03
 -4.8833061E-03
  8.7633096E-03
 -3.6549699E-03
 -2.9892009E-03
 -8.3551519E-03
  2.7484046E-03
  1.5267823E-02
  2.6326124E-03
 -5.1052775E-03
  6.9649462E-03
 -1.9948762E-03
  2.9298719E-03
  6.1407853E-03
 -5.2191075E-03
  8.2006026E-03
 -4.2908080E-04
 -7.3521412E-03
  2.0842915E-03
  7.9184826E-03
  2.0932930E-02
 -4.3839389E-03
 -1.0249098E-02
 -1.0914249E-02
 -3.7614815E-04
 -4.3726601E-03
  6.6080932E-03
  4.7970694E-03
  4.1448511E-03
 -4.6466384E-04
  8.4344298E-04
 -4.5579011E-03
 -5.5901031E-04
 -1.3765325E-02
 -8.0926595E-03
 -5.8679190E-03
 -7.4244328E-03
  2.4857521E-03
 -2.1547917E-04
 -1.0998556E-02
 -1.2891980E-02
 -2.2736136E-03
 -3.2977480E-04
 -4.0129917E-03
 -1.1212881E-02
 -8.5609052E-03
  1.0537248E-02
  1.3976190E-03
  4.0717311E-03
 -7.2596595E-03
 -6.7607006E-03
 -5.2222898E-03
 -1.7729197E-02
 -1.2431971E-02
  4.3250732E-03
  4.1233655E-03
  1.5080193E-02
 -1.0880752E-02
  6.3432101E-03
 -8.0556124E-03
 -1.0848159E-02
 -5.9150886E-03
 -6.7230938E-03
 -5.5617671E-03
 -1.0057284E-02
 -1.0761427E-02
 -1.1321036E-03
  3.1104656E-03
 -3.6473805E-03
 -1.0051098E-02
 -1.1748003E-02
  9.9225789E-03
 -1.0435622E-02
  3.8341507E-03
  6.9434009E-04
 -2.0019328E-03
 -5.6264736E-03
 -1.1435947E-02
 -1.5022693E-02
 -1.2758364E-02
 -1.5513209E-02
 -3.4489161E-03
 -4.2676013E-03
 -4.0521845E-03
 -2.6657172E-03
 -5.9420150E-03
 -7.2269212E-03
  3.0088518E-03
 -1.0650431E-02
  1.4554150E-03
  1.2353931E-02
  6.6931462E-03
 -2.7535916E-03
 -1.5119081E-02
 -9.4112875E-03
 -1.1842959E-03
 -2.9651765E-03
  5.8675911E-03
  5.1040389E-04
  1.5934817E-02
  4.8013963E-03
  4.5197494E-03
 -2.6708459E-03
  7.9289842E-03
  2.9129768E-04
 -8.8601802E-03
 -1.4060624E-02
 -3.6294106E-03
  2.7756952E-04
  2.1266006E-03
  1.9210130E-03
  5.9528723E-03
  2.4290737E-03
  9.7332187E-03
  2.7169418E-03
 -1.3344295E-02
 -7.5647514E-03
  9.5869303E-03
  5.1546842E-05
  1.3698645E-02
 -1.1677301E-02
  5.9088413E-03
 -6.1832275E-04
 -2.8817309E-03
  2.8329976E-03
  2.9246733E-03
  5.1506739E-03
  5.3926958E-03
  1.6206978E-03
  3.1294435E-02
  1.5966294E-02
  1.2712255E-02
 -1.4387630E-03
 -3.7692338E-03
  1.2987673E-02
  2.3735557E-03
  8.0511756E-03
  1.3411378E-02
  8.1029721E-03
  9.7275265E-03
  8.1311809E-03
  9.6296556E-03
  7.2707981E-03
  1.1210356E-02
  1.2514316E-02
  5.5991299E-04
 -4.2997813E-03
  7.0932638E-03
  3.0749235E-03
  2.0092223E-03
 -1.3526700E-02
 -1.6732160E-03
 -8.2382988E-03
 -4.1830353E-04
  1.6094243E-02
 -5.2118786E-03
  6.4818077E-03
 -2.3988113E-03
  4.2709671E-03
 -8.8450033E-04
  9.0548508E-03
  5.8675017E-03
  1.3012812E-03
 -1.0675886E-02
  1.2195321E-02
  1.3480566E-02
  1.0840300E-02
  2.6418753E-03
 -2.2170488E-03
 -9.3609840E-03
 -2.8244471E-03
  3.5613161E-03
 -2.3660287E-03
 -6.8137106E-03
 -8.3935224E-03
  8.8633224E-04
 -1.7265473E-03
 -8.7589193E-03
 -1.4584027E-03
 -4.8093461E-03
 -1.6840324E-03
  2.3052748E-03
 -8.6497422E-03
 -5.6019304E-03
  6.4575672E-04
  7.0981309E-04
 -6.4280443E-03
 -2.2013974E-03
 -1.0466341E-02
 -3.2731639E-03
  4.0245112E-03
 -3.4114178E-03
  6.4351223E-04
 -6.4006634E-04
 -3.4876168E-04
 -5.9779175E-04
  3.4044031E-03
  7.8316256E-03
 -7.4701030E-03
 -4.8040543E-03
  1.0029674E-03
 -2.1971576E-04
  7.2128829E-03
 -2.4133474E-03
 -3.4333523E-03
  2.0030048E-03
 -4.7511831E-03
 -7.9959631E-03
 -9.4933435E-04
  5.1156152E-03
  1.8853834E-03
  1.8005027E-03
 -3.4860738E-03
  3.1756703E-03
 -5.3464072E-03
  1.8581022E-03
 -2.6872661E-03
  1.2604469E-02
  3.9216075E-03
  2.7465373E-03
  1.5736949E-03
  7.9619586E-03
  1.3111848E-03
 -1.5890025E-02
  7.5380206E-03
 -7.8883776E-03
 -1.8501282E-04
 -5.0247088E-03
 -2.0759739E-04
 -2.8073825E-03
  8.1005320E-04
 -1.0965057E-03
 -1.1461955E-03
 -2.7304078E-03
  4.6451101E-03
  6.9124727E-03
  1.4632175E-02
  2.7356762E-04
 -6.5164948E-03
  4.0911976E-03
  3.4266822E-03
 -2.1260176E-03
  1.2668855E-03
  4.8816465E-03
 -2.3457948E-03
  8.2103573E-03
  4.5876522E-03
  1.2929350E-02
  1.5484579E-03
  2.4240064E-03
  7.1343370E-03
  1.7410740E-03
  4.9361065E-03
  4.9550515E-03
  3.1085517E-03
  7.8229513E-03
  1.5708338E-03
  2.1380838E-03
  7.7188276E-03
  3.2500410E-03
 -3.2904132E-03
  1.1240225E-03
  4.7086123E-03
 -2.7871337E-03
 -2.8035101E-03
 -8.1518851E-03
 -9.4275083E-04
 -1.0396714E-02
 -5.9001502E-03
  1.3513807E-02
  5.1022209E-03
 -7.6938090E-03
  7.2835032E-03
  6.9079166E-03
  2.5157146E-03
  2.7244091E-03
  1.1965882E-02
  8.9048389E-03
  6.2262546E-03
  1.1360811E-02
  7.7674855E-03
 -1.6707275E-03
  3.0799396E-04
 -4.0936614E-03
  8.5791759E-04
  4.8656259E-03
 -3.5471711E-03
  5.8657750E-03
  4.4338144E-03
  4.5345835E-03
  5.8878288E-03
  2.9678103E-03
  1.4738943E-03
  7.4899383E-04
  6.0698185E-03
 -5.6765880E-04
 -4.4879690E-04
  1.3247339E-02
 -4.0351711E-03
  6.4017177E-03
  1.0999199E-02
  1.1757283E-02
  2.9150341E-03
  6.3611548E-03
  4.0116217E-03
 -1.2122840E-04
 -1.0887587E-02
  9.1331955E-03
 -2.1380470E-03
  8.2658418E-03
 -1.1757668E-02
  1.7701332E-03
  2.0099916E-03
  3.4901258E-03
  1.2065992E-03
  3.2297801E-03
  1.0445103E-02
 -1.5436560E-03
  2.9288577E-03
 -7.0064864E-03
 -7.3692147E-03
 -5.1284707E-03
 -3.7667835E-03
 -2.9044785E-03
 -3.2039657E-03
  1.6618893E-03
 -1.4597597E-03
 -1.5306227E-02
  9.7457916E-03
  2.0071212E-03
 -9.1766324E-03
 -1.1443548E-02
 -1.39145E-02