0.193452
0.222633
0.171816
-0.0830897
-0.646681
-1.24977
-1.88005
-2.16888
-2.01777
-1.73564
-0.877941
-0.397265
-0.177693
0.0148653
-0.0202603
-0.513512
-0.566479
-0.809647
-1.09615
-0.93506
-0.821652
-0.658827
-0.259882
0.221054
0.200083
0.00301283
-0.271745
-0.578465
-1.09547
-1.18302
-0.994975
-1.09846
-1.23173
-1.24292
-1.03898
-0.80217
-0.356763
-0.282785
-0.123698
0.0149693
0.577073
1.30146
2.25261
2.96311
3.17337
2.83045
2.48655
2.33469
2.10856
1.77582
1.26549
0.558457
-0.190384
-0.651482
-0.70684
-0.622525
-0.444563
-0.207268
0.16062
0.481867
0.757265
0.816099
0.650212
0.26287
0.170976
0.443171
0.645422
1.29319
1.73646
1.47542
0.65563
-0.0468001
-0.730304
-1.18448
-1.48014
-1.30036
-1.32905
-1.52503
-1.98527
-2.28898
-2.21518
-1.74344
-1.55567
-1.24085
-0.690109
-0.717284
-0.927697
-0.948921
-0.884774
-0.839513
-0.650102
-0.137903
0.0812099
0.188549
0.117781
0.0517681
-0.325177
-0.507619
-0.542701
-0.363025
-0.165193
0.282556
0.811496
0.981203
0.80603
0.580152
0.21047
-0.0273328
0.28525
0.313641
0.412628
0.690553
0.896118
0.856503
1.26383
1.57064
1.54986
1.42602
1.38523
1.41156
1.28342
1.26298
1.15577
1.11058
0.487178
0.061503
-0.4769
-0.743831
-1.17206
-1.00705
-0.902597
-0.601304
-0.286529
-0.0423561
0.0226332
-0.284298
-0.437069
-0.713578
-0.799536
-0.794123
-0.344189
-0.176948
0.201462
0.511736
0.577264
0.687852
0.921551
0.439431
-0.216437
-0.491045
-1.04315
-1.62649
-1.56992
-1.37263
-1.05813
-0.708796
-0.18273
0.19178
0.362061
0.0981055
-0.125163
-0.636248
-1.30288
-1.6694
-1.46968
-1.07951
-0.644103
-0.345779
0.0482343
0.0960275
0.104741
0.645449
1.43208
1.89088
2.18805
2.39647
2.35643
2.13605
1.68442
1.2474
0.894534
0.268787
0.038403
-0.0740747
-0.319116
-0.689905
-1.07396
-1.38692
-1.29955
-0.900705
-0.295658
0.327782
0.757063
0.803973
0.638455
0.487586
0.250587
-0.244137
-0.595798
-0.975863
-1.35297
-1.47226
-1.45295
-1.23731
-1.05049
-0.594227
-0.207994
0.199924
0.429315
0.594771
-0.0262703
-0.817365
-1.10247
-1.24345
-1.05856
-0.443524
0.268957
0.581086
0.76213
1.11295
1.56156
1.69589
1.53166
1.41787
0.998478
0.523514
0.34576
0.203348
0.401797
0.480637
0.239841
0.237538
0.359905
0.0848307
-0.00242059
0.50907
0.481363
0.540878
0.158132
-0.160967
-0.912753
-1.0157
-1.36033
-0.936348
-0.550701
-0.190403
-0.116611
-0.0136755
-0.213389
-0.372844
-0.0630062
-0.0957198
0.145085
0.292054
0.194786
0.105897
0.0433548
-0.0340834
0.0170778
0.194099
-0.0667382
0.0546118
0.0153933
-0.0342928
-0.232492
-0.149812
-0.0689544
-0.162419
-0.445638
-0.676388
-1.07028
-1.46038
-1.49003
-1.41702
-1.04371
-0.611419
-0.204133
0.150706
0.563907
0.610252
0.263647
-0.162231
-0.707345
-1.09145
-1.15663
-0.790967
-0.300922
0.293222
0.679038
0.976779
1.2066
1.36153
1.49221
1.71363
2.05918
2.42718
2.44417
2.05243
1.37458
0.457377
-0.730629
-1.42427
-1.29979
-0.569317
0.345933
1.26114
1.72855
1.60984
1.05749
0.516818
-0.033296
-0.215876
-0.21124
0.0425636
-0.07001
-0.101771
-0.209947
-0.4339
-0.845819
-1.05545
-1.10172
-1.09093
-1.17168
-1.31051
-1.34636
-1.22769
-1.13984
-1.19123
-0.952121
-0.814619
-0.738395
-0.882256
-0.331832
-0.39501
-0.224333
-0.255391
-0.13792
-0.453795
-0.192938
-0.242944
-0.496918
-0.578667
-0.367396
-0.215182
-0.178412
-0.00908126
0.148365
0.195243
0.0184277
0.0586855
0.46502
0.699011
0.892942
1.3099
1.84057
1.97786
1.86764
1.78674
1.74077
1.21791
0.672269
0.580792
0.125812
-0.269866
-0.198796
-0.10274
-0.207469
-0.143494
-0.0651713
0.127557
0.0402388
0.205815
0.243904
-0.031926
-0.56835
-0.883306
-1.13444
-1.06151
-0.765564
-0.56202
-0.224251
-0.0705181
-0.0195223
-0.194894
-0.115175
-0.201586
-0.299828
-0.592326
-0.510325
-0.64083
-0.392935
-0.334441
0.0276629
0.162787
0.398551
0.332874
0.435698
0.671989
0.996654
1.21146
1.54256
1.67208
1.61168
1.34114
1.15829
0.945231
0.538817
0.0344312
-0.589886
-1.0998
-1.54083
-1.88929
-1.90354
-1.91329
-2.03946
-2.04629
-1.69555
-1.63328
-1.30651
-0.760727
-0.636193
-0.5247
-0.25886
-0.11966
-0.213159
-0.157098
-0.0551717
-0.101663
-0.141283
-0.240573
-0.0909831
-0.188398
-0.039813
0.293804
0.914476
1.29503
1.88355
2.41831
2.65678
2.83947
2.72869
2.45197
1.82961
1.42197
0.716504
0.275299
-0.080784
-0.177795
-0.376966
-0.381788
-0.256044
-0.285284
-0.455094
-0.312492
-0.330009
-0.337152
-0.245148
-0.353942
-0.589261
-0.811697
-1.23802
-1.64158
-1.82021
-2.41781
-2.73509
-2.61992
-2.28634
-1.80202
-1.04315
-0.44211
-0.0597539
0.152021
0.493308
1.01636
1.66241
2.37277
3.28731
3.54785
3.34738
2.96214
2.12433
1.13261
0.620504
0.40966
-0.151277
-0.481016
-0.797648
-1.41094
-2.02548
-2.04309
-1.79985
-1.55808
-1.02079
-0.559808
-0.388768
-0.319052
-0.144529
-0.135305
-0.0623026
0.0073699
0.0427261
-0.192909
-0.38861
-0.453783
-0.297101
-0.120937
0.149103
0.322335
0.470297
0.556086
0.492466
0.375217
0.177767
-0.105154
-0.624544
-0.661819
-0.658001
-0.334842
0.0329719
0.562215
0.551438
0.426113
0.265256
-0.103058
-0.365594
-0.332508
-0.294263
-0.286166
-0.0330346
-0.144587
-0.291065
-0.236533
-0.290515
-0.376617
0.230553
0.869717
1.09975
1.13157
1.01004
0.694901
0.235122
0.0447129
0.0932544
0.46421
0.606197
0.790019
0.91496
0.909408
0.670222
0.648467
0.485657
0.492941
0.612052
0.616359
0.0706759
-0.209609
-0.492575
-0.614307
-0.558268
-0.0875585
0.0659883
0.11673
-0.00529145
-0.49658
-0.975311
-0.855806
-0.755197
-0.748719
-0.581674
-0.470227
-0.877954
-1.15441
-1.25282
-1.26547
-1.22639
-1.18675
-1.17104
-1.0395
-0.949399
-0.847706
-0.549166
-0.148145
0.269591
0.919787
1.3373
1.37155
1.25182
0.916748
0.432993
0.0732125
0.196461
0.120911
0.0999205
0.269669
0.479747
0.394785
0.361562
0.104923
-0.0784152
-0.417002
-0.498186
-0.6288
-0.248313
-0.0819252
0.240564
0.348197
0.659291
0.632725
0.399848
0.14576
0.00597671
-0.0152429
-0.0509606
0.129337
0.450453
0.604765
0.416601
0.365912
0.320248
0.207864
0.109022
0.363823
0.601301
0.627266
0.914361
1.24823
1.18201
0.948318
1.01391
0.710323
0.479853
0.477845
0.622254