  -16.04105    
   13.37095    
  -20.04235    
   1.784800    
  -19.60784    
  -14.08386    
   13.07787    
   11.53978    
   2.611694    
   12.71621    
  -14.97793    
  -9.214190    
  -15.95917    
   10.19285    
  -11.74849    
  -21.94738    
  -3.849964    
  -14.46744    
  -1.075916    
  -11.14420    
  -14.94427    
  -12.77588    
  -18.06655    
   1.161007    
  -4.625116    
  -9.830640    
   4.074249    
  -10.68736    
   16.27040    
   10.99533    
  -9.265965    
  -14.66684    
 -0.4769440    
  -18.85959    
  -6.233231    
  -17.51698    
  -11.40429    
  -1.813623    
  -17.52895    
   12.18987    
  -15.91626    
  -4.104584    
  -3.445545    
  -15.96252    
  -23.00490    
  -9.683340    
  -1.788164    
   20.65342    
   17.77373    
  -1.806080    
   2.861645    
  -16.85578    
  -15.50947    
  -9.059418    
  -13.07192    
   14.04734    
  -11.22742    
  -7.181870    
   2.623028    
  -10.47368    
  -10.17364    
  -13.40238    
  -20.14405    
  -6.367655    
  -13.04013    
  -6.826832    
  -18.01287    
  -13.71761    
   13.33577    
   10.99683    
  -7.693140    
  -12.81135    
   12.28900    
   21.03148    
   14.84241    
  -7.568808    
  -15.58936    
  -16.13527    
   6.955215    
  -17.31168    
 -0.9481506    
   27.20690    
  -12.03034    
  -3.059538    
  -13.50300    
 -0.5851822    
   16.17114    
   8.979130    
  -7.080196    
   11.68740    
  -6.306374    
  -6.553352    
   9.321148    
  -16.97542    
   2.978239    
  -6.492329    
  0.2416973    
   4.559465    
   5.598804    
  -8.453241    
  -11.70162    
   1.405499    
  -3.579975    
   6.372295    
  -10.76643    
   4.879326    
  -7.670284    
  -1.821486    
  -7.220001    
   8.820637    
  -25.12320    
  -1.195089    
  -4.494114    
  -1.448933    
  -6.141911    
   4.890949    
   15.09907    
   22.64301    
   8.615866    
  -15.93313    
   3.921450    
   1.078007    
  -28.40748    
   13.30365    
  -11.17261    
  -16.98954    
  -17.92643    
  -4.996105    
   14.57993    
  -4.527840    
  -7.611799    
  -15.03445    
  -12.12805    
  -19.48614    
   8.036404    
   2.377415    
  -18.27747    
  -14.94607    
  -8.984779    
   6.433224    
  -1.791069    
   5.321064    
   9.560766    
   2.794979    
   6.727446    
  -16.87115    
  -8.312197    
   9.852627    
  -14.83677    
   17.15959    
   22.99508    
   10.43713    
   4.959999    
  -4.156401    
  -14.65370    
  -9.039240    
  -19.80817    
   12.78323    
  -2.902340    
  -4.489664    
  -21.55990    
  -14.42287    
   6.822250    
 -7.2719574E-02
   8.122307    
  -12.64360    
   4.754240    
   2.410557    
   13.87442    
  -4.798744    
   2.781525    
   5.500343    
   14.66061    
   4.166054    
  -4.419563    
   4.348770    
  -8.018856    
  -1.341110    
   8.952578    
   17.42363    
  0.8622875    
   5.517372    
   15.14931    
   1.151064    
   27.77636    
  -23.13635    
  -2.244839    
  -8.663864    
  -11.59867    
  -12.00597    
  -1.186302    
  -16.33434    
  -23.15851    
  -21.32768    
  -22.65364    
  -15.55621    
  -41.73214    
  -17.45544    
  -3.916443    
   4.559849    
  -11.49380    
  -13.29312    
  -6.979065    
   17.33772    
   17.08851    
   5.100750    
  -15.60038    
   3.945702    
   9.981342    
  -3.306705    
   12.43399    
  -1.089466    
  -12.38200    
   29.76352    
   8.900866    
   12.56879    
   22.78707    
  -17.09683    
  -8.098948    
   15.75656    
   5.388409    
   4.336285    
  -6.570210    
  0.8196259    
  -7.168171    
  -24.25309    
  -1.944323    
   9.025501    
  -24.38824    
  -10.14675    
  -1.051291    
  0.8085594    
   16.88370    
   24.91987    
   6.629524    
   15.86011    
   14.05563    
   27.52494    
  -5.783640    
  0.2218742    
  -11.19507    
   17.47644    
  -3.287346    
 -0.5824738    
   7.680676    
   18.86954    
   9.816071    
   18.80949    
  -10.43276    
  -8.149742    
   18.86306    
  -10.68935    
   13.51063    
  -15.09418    
   8.114124    
  -18.87710    
   4.847004    
  -3.990883    
 -0.6687698    
  -8.539341    
   5.012184    
   3.776543    
  -17.60388    
  -14.80490    
  -20.22224    
  -10.25321    
   40.23486    
   3.214237    
  -2.850842    
   26.49232    
   6.652649    
 -0.1164742    
   4.088512    
  -22.73908    
  -10.19408    
   7.934196    
  -2.259762    
  -14.33590    
  -12.44628    
  -10.45572    
  -11.64084    
  -24.16895    
   9.507011    
 -0.8076935    
   12.89320    
  -9.109505    
   20.27908    
   17.76951    
  0.4981670    
   10.29467    
  -28.68020    
  -20.88588    
   22.65918    
   18.46064    
   11.48785    
  -13.89565    
  -3.490009    
  -3.031958    
   30.20857    
   21.80844    
  -4.069679    
  -12.19538    
   23.16757    
   12.70231    
   16.16042    
   7.950951    
   2.664276    
  -4.955582    
  -14.53607    
  -5.641829    
   12.20414    
  -3.244635    
  -3.133898    
   24.85468    
   38.51221    
   20.60009    
   8.894188    
   13.64255    
   7.993622    
  -6.263577    
   7.586319    
   28.29572    
   6.263197    
  -7.855392    
   7.880377    
   12.39476    
   1.171127    
   15.93824    
   41.15609    
  -38.90041    
   7.243248    
   7.120327    
   12.19106    
 -0.4318676    
  -8.577221    
   1.647827    
   21.79259    
  -4.103422    
  -5.181198    
  -14.85602    
  -6.170345    
   11.41685    
  -16.70230    
  -11.38001    
 -0.6648216    
  -7.107859    
   1.894600    
   17.13891    
   17.44787    
   3.064129    
   12.66528    
   19.79195    
   1.496407    
   7.650238    
  -4.486942    
   12.89307    
   17.34834    
  -8.918028    
  -1.472677    
   3.778135    
   29.43140    
  -5.970579    
  -13.47399    
  -11.07190    
   19.13900    
   8.348442    
   5.877457    
   19.25304    
   32.18035    
   16.63039    
   1.194561    
  -8.724455    
  -19.43120    
   1.597696    
   32.37368    
   22.17779    
   19.33379    
   21.43389    
  0.1358376    
   9.742199    
  -17.27051    
   16.49962    
  -6.668143    
   17.54813    
   32.59438    
   26.98064    
   18.92798    
 -0.2240257    
   2.702515    
   14.50823    
  -3.471310    
  -6.990826    
  -13.17068    
  -3.427032    
   13.84170    
  -8.173293    
