 -0.2043684    
  5.9217408E-02
  3.9468989E-02
  5.2056435E-02
 -0.2865674    
 -0.6441551    
 -0.5765251    
 -0.6010755    
 -0.5077547    
 -0.7412056    
 -0.5467273    
 -0.1416810    
 -0.1478720    
  0.1983922    
  0.1844446    
  0.2161422    
 -0.2278845    
 -0.6436173    
 -0.7655198    
 -0.5258463    
 -0.2596397    
  0.1104525    
  0.5564712    
  0.2992916    
  0.4859046    
  0.5850096    
  0.1631085    
 -0.2303850    
 -0.4273973    
 -0.7176762    
 -0.6107292    
 -0.9376081    
 -0.5286142    
 -0.7428213    
 -0.6970039    
 -0.4580878    
 -0.5719903    
 -0.4696318    
 -0.6885104    
 -0.5720059    
 -0.4958688    
 -0.2049947    
  0.6038404    
  0.3017709    
  0.6131799    
  0.3830389    
  0.1620608    
  9.0380676E-02
  0.4656149    
  0.8080401    
  0.7832799    
  0.6743688    
  0.6677478    
  0.8413668    
  0.4784748    
  0.5403277    
  0.5527095    
  0.2266357    
  1.3443832E-02
  0.1300798    
 -0.1197284    
 -9.6112929E-02
 -0.1332650    
 -0.1067565    
  4.0914107E-02
 -0.3433457    
 -0.4580881    
 -0.7321929    
 -0.2122978    
 -0.2630605    
  0.1948890    
 -0.2140303    
 -0.5145690    
 -0.4357845    
 -0.4569017    
 -0.1190177    
 -0.1271944    
  7.0717558E-02
 -1.7336563E-03
  0.2307554    
 -0.2443471    
 -0.3468758    
 -0.4286663    
 -0.2013513    
 -0.6631740    
  -1.062448    
 -0.4798358    
  0.3672630    
  0.3755485    
  0.1500120    
  0.2645899    
 -0.5639945    
 -0.7950241    
 -0.5974089    
 -0.2399169    
  0.1705743    
 -0.1326842    
 -0.4328156    
 -0.3192064    
  0.2182338    
 -7.9363890E-02
 -9.3523394E-03
  0.4539372    
  0.6388562    
  0.5152074    
  0.7955989    
  0.3226282    
  8.0030508E-02
  0.3119282    
  0.1747803    
  0.2149006    
 -7.2226055E-02
 -0.4074439    
 -0.8237361    
 -0.6085642    
 -0.7677109    
 -0.7432095    
 -0.2029216    
 -6.4594924E-02
 -0.7035472    
 -0.5992342    
 -0.4513780    
 -0.1172152    
  0.1245294    
   1.182764    
  0.9960483    
   1.056272    
   1.160154    
   1.062137    
   1.314568    
   1.052852    
  0.5403173    
  0.9439496    
  0.8883873    
  0.9280522    
  0.7188448    
  0.9943323    
   1.394568    
  0.5187910    
  8.9020757E-03
 -0.1790622    
  0.2553063    
  0.4322495    
  0.5565251    
  0.7244899    
  0.4644255    
  0.6359938    
  0.4516385    
 -0.1800794    
 -0.1284544    
  0.2407227    
  0.1212815    
 -0.2126555    
  0.1201880    
 -0.2264031    
 -0.7091653    
 -0.1220546    
  0.2137990    
  0.7123525    
  0.3164078    
  0.4623624    
  0.4750832    
  4.3848045E-02
 -0.1687908    
  3.2913301E-02
 -4.0139694E-02
  9.4711348E-02
  0.5100370    
  0.2947488    
  0.6107681    
  0.5103303    
  0.7371866    
   1.164010    
  0.8793600    
  0.6440863    
  0.5777225    
  0.4349415    
  4.7801178E-02
 -8.7015763E-02
 -4.0372703E-02
  0.4672343    
  0.4036499    
  0.2430337    
  0.1361067    
   1.030230    
   1.532558    
  0.5416211    
   1.045425    
  0.7284764    
  0.5624025    
  0.5798061    
  0.5313917    
  0.2511959    
  0.4342200    
  0.3580419    
 -1.1213437E-02
  0.1520145    
  7.8179881E-02
  5.4289889E-02
  0.1935363    
  0.2401010    
 -0.3313538    
 -0.6599534    
 -0.8078446    
 -0.5675495    
 -0.7857212    
 -0.8650936    
  -1.223128    
  -1.631489    
  -1.393909    
  -1.273130    
 -0.7874349    
 -0.8808001    
 -0.8632258    
 -0.3928871    
 -0.4868921    
 -0.1919874    
  3.1842694E-02
 -0.1500150    
  0.2273935    
  0.1518071    
  0.2119076    
 -0.1381356    
 -0.3133506    
  1.2163648E-02
 -0.3489193    
 -0.7607701    
 -0.3133635    
 -0.1310717    
 -0.1902760    
 -0.4090996    
 -0.6478086    
 -0.4924939    
 -0.1247701    
  2.3098692E-02
  6.7633055E-02
  7.1339787E-04
  4.3507438E-02
  0.7354873    
  0.5380336    
  0.2126496    
 -0.3967730    
 -0.6135846    
 -0.4549789    
 -0.8349504    
 -0.9879118    
 -0.9668611    
 -0.3146138    
 -0.2712688    
 -0.2406527    
 -0.1550017    
  0.1883259    
  0.1707680    
  0.2383516    
  7.0334911E-02
  2.5253749E-02
 -2.6331928E-02
  7.7724993E-02
  0.1423685    
  0.7049028    
  0.5996074    
  0.5066010    
  0.5004495    
  0.3629484    
  0.3572373    
  4.2485930E-02
  4.1355506E-02
 -8.0312602E-02
  0.1361444    
  0.1068562    
  0.1550982    
  0.4869422    
  0.7599461    
  0.9872245    
  0.2422622    
 -0.1004946    
  0.2596087    
  0.4853375    
  0.4861399    
  0.1662992    
  0.6745031    
  0.4598862    
  7.9898350E-02
  0.1729062    
 -6.7450136E-02
 -0.3266945    
 -7.4926920E-02
  0.3085893    
  0.4902734    
  0.2949278    
  0.1909253    
  0.2623804    
  2.0189548E-02
  0.1522541    
  0.2366093    
  0.3588957    
  4.3240085E-02
  2.9130329E-03
 -0.1408820    
 -0.1000512    
 -0.4139557    
 -0.4685596    
 -0.3681339    
 -0.3131954    
 -0.4667309    
 -0.3124569    
 -0.1341352    
 -6.2548660E-02
  0.3141900    
 -5.8219258E-02
  6.5386474E-02
 -0.2091932    
 -0.3713698    
 -0.6667109    
 -0.6670678    
 -0.7748830    
 -0.9762434    
 -0.7037420    
 -4.4939898E-02
 -0.2415005    
 -0.7055384    
 -0.6566518    
 -0.2712406    
 -0.3623274    
 -0.4172823    
 -0.3576925    
 -0.3706013    
 -0.5520870    
 -0.7358416    
  0.6838831    
  0.3581505    
  0.7394414    
  0.9836634    
  0.7554163    
 -3.6536772E-02
 -8.8452965E-02
  0.1378161    
  0.1333469    
 -0.1232205    
  3.5167974E-03
 -0.4120901    
 -0.3534728    
 -0.3238860    
 -0.4871482    
 -0.7960708    
 -0.6705155    
 -0.6870887    
 -0.4800345    
 -0.2795248    
 -0.2896695    
 -0.2739758    
 -0.4408040    
 -0.6230367    
 -0.7731452    
 -0.8540808    
 -0.8560035    
 -0.6456810    
 -0.2285469    
 -0.4134554    
 -0.5552468    
 -0.4078602    
  3.4864433E-02
  7.5857207E-02
  0.1255244    
  0.1335096    
 -0.6497433    
 -0.7086388    
  -1.376426    
  -1.227038    
 -0.5570356    
 -0.1556699    
  0.2752683    
 -0.2279643    
 -0.6141262    
 -0.5907024    
 -9.7607151E-02
  0.3125452    
 -4.2154871E-02
  0.4127873    
 -1.0209787E-02
  0.2063390    
 -0.2168645    
 -0.1648648    
 -8.6687468E-02
  0.2438165    
  0.3974040    
  0.8189051    
  0.7519130    
  0.8595791    
  0.7219796    
   1.180788    
   1.469852    
   1.298308    
   1.491411    
   1.469411    
   1.744079    
