  0.1377057    
 -0.1221797    
 -0.3199991    
 -1.7460551E-03
  0.5211245    
  0.8189833    
  0.6096700    
  0.9633180    
   1.490941    
   2.035639    
   2.470669    
   3.099454    
   3.191487    
   2.428507    
   1.809786    
   1.448764    
   1.716228    
   1.515801    
  0.7993596    
  0.6937805    
  0.2199286    
 -0.4523765    
 -0.9688229    
 -0.8466309    
 -0.8907821    
 -0.2583647    
 -0.1582072    
 -0.3175422    
 -0.7842774    
  -1.244721    
 -0.8489186    
 -0.6727930    
 -0.6661994    
  -1.106845    
  -1.089739    
  -1.569814    
  -1.195670    
  -1.275863    
  -1.153078    
  -1.129102    
  -1.119012    
  -1.009615    
  -1.056634    
 -0.7576666    
 -0.8458935    
 -0.8944013    
 -0.8297320    
 -0.9725716    
 -0.9593451    
 -0.6442439    
 -0.4119734    
 -0.4681732    
 -0.5463528    
 -0.3015682    
 -8.5364446E-02
 -0.1231874    
  0.2640024    
  0.5898023    
  0.8181427    
  0.6069853    
   1.005979    
  0.9724741    
  0.9530972    
  0.8664551    
   1.004684    
   1.118130    
   1.296816    
   1.385231    
   1.590527    
   1.183159    
   1.036161    
  0.9574943    
  0.4540094    
  0.1154601    
 -9.8708451E-02
 -0.8852021    
  -1.982069    
  -2.119972    
  -2.054916    
  -1.754651    
  -1.359408    
  -1.839813    
  -2.052928    
  -2.165037    
  -1.508566    
 -0.8190631    
  -1.205999    
 -0.9410392    
 -0.8170374    
 -0.4861128    
 -0.4779575    
 -0.5537490    
 -0.5070211    
 -0.5133876    
 -0.5132913    
 -0.5056455    
 -0.3075371    
 -4.6911385E-02
 -0.1853134    
  7.0985347E-02
  0.1725275    
 -0.1097002    
 -0.2975043    
 -3.9749451E-02
 -9.6536815E-02
 -8.8011399E-02
 -0.2355143    
 -0.1245031    
  7.9992432E-03
 -0.1333561    
 -0.2077943    
 -0.2675005    
  0.4075475    
  0.7920127    
  0.8394179    
  0.3819214    
  0.1099655    
  0.6247316    
  0.9329185    
   1.321975    
   1.377828    
   1.275233    
   1.135024    
   1.141482    
   1.271824    
  0.1203452    
 -0.1907555    
 -0.3787535    
 -0.4072806    
 -0.3514656    
 -0.2501400    
 -0.1818424    
 -5.7910860E-02
  0.2260850    
  0.3625399    
  0.8859490    
   1.015502    
  0.5823931    
  5.6289457E-02
 -0.1419881    
  5.5129480E-02
  0.2581671    
  0.1420265    
  0.1428568    
  0.1014771    
 -0.3013261    
 -0.2834253    
 -0.4939678    
 -0.1709103    
 -1.3799662E-02
 -0.5131819    
 -0.3506519    
 -9.2318162E-02
  0.5898690    
  0.8580450    
  0.9013721    
  0.7499520    
  0.5046786    
 -7.9844020E-02
 -0.4385530    
 -0.7288905    
 -0.3082260    
 -0.2745318    
 -0.7204221    
 -0.8695924    
 -0.9216855    
 -0.9781621    
 -0.9625480    
 -0.6199292    
 -0.6310161    
 -0.4405082    
 -0.8068126    
 -0.7903933    
 -0.6068488    
 -0.3260901    
 -0.4412796    
 -0.5084476    
 -0.5570539    
 -0.6128383    
 -0.9434129    
 -0.8728482    
 -0.5913440    
 -0.1553964    
  6.8591818E-02
  0.9521925    
   1.655050    
   2.340073    
   2.815235    
   2.971373    
   3.262828    
   3.563653    
   3.631360    
   3.373431    
   2.602501    
   2.010526    
   1.578019    
   1.076472    
 -0.4708010    
 -0.4238838    
 -0.3920692    
 -0.6725910    
 -0.8403881    
 -0.8662273    
  -1.259107    
  -1.146052    
 -0.7462698    
 -0.4417231    
 -0.8367188    
 -0.6386127    
 -0.8672174    
 -0.7939085    
 -0.9829451    
  -1.124417    
  -1.141927    
  -1.505149    
  -1.567736    
  -1.656311    
 -0.9955114    
 -0.4961252    
 -2.5784226E-02
 -0.2705560    
 -0.6091500    
 -0.5075580    
 -0.5232823    
 -0.4833999    
 -0.4742987    
 -0.7838181    
 -0.6730240    
 -0.5392247    
 -0.2335532    
  0.1330036    
  3.8271829E-02
 -0.1747682    
 -8.6413346E-02
 -0.1931660    
 -0.2678555    
 -0.5601822    
 -0.4191034    
 -0.5921557    
 -0.4886528    
 -0.4286869    
 -6.9901414E-02
  0.1386933    
  8.9983813E-02
  0.1936586    
  0.6335635    
  0.4172470    
  0.4929960    
  0.7204347    
  0.9870491    
   1.440483    
   1.404289    
  0.8738472    
  0.4295665    
  0.2031452    
 -0.3038525    
 -0.9021087    
 -0.5843472    
  0.1413058    
  8.1785761E-02
  0.1684450    
  0.4776409    
  0.4838170    
  0.4883432    
  0.4225678    
  0.2006740    
  0.1019908    
 -7.6456957E-02
 -0.3098174    
 -0.1354792    
 -0.1866468    
  0.1016287    
  0.3709953    
  0.4881589    
  0.5562287    
  0.7083842    
  0.4063934    
 -5.1104005E-02
 -3.7725013E-02
  0.3338908    
  0.4592741    
  0.4125472    
  0.3469187    
  0.2511582    
 -0.2185791    
 -0.1387386    
 -0.6204016    
 -0.7693078    
 -0.4787586    
 -0.1613742    
 -0.5042623    
 -0.1761473    
  3.3909280E-02
  5.4783888E-02
  0.2239680    
  0.5170060    
  0.9712922    
   1.149636    
   1.186405    
   1.324232    
   1.037253    
  0.2181897    
 -0.2429767    
 -0.2857775    
 -0.6428756    
 -0.5469302    
 -0.7713414    
  -1.061228    
  -1.239697    
  -1.448030    
  -1.704970    
  -1.436014    
  -1.329034    
  -1.172341    
 -0.4633724    
 -0.2263584    
  9.4024807E-02
  0.1650703    
  0.5724308    
  0.7218781    
  0.3393026    
 -3.8805293E-04
 -0.1103484    
 -0.4180861    
 -0.4127107    
 -0.3570178    
 -0.5692350    
 -4.5647616E-03
  0.4286920    
  0.7699532    
   1.023367    
   1.040961    
  0.9147115    
  0.9441762    
   1.380844    
   1.662869    
   1.195771    
  0.9221509    
  0.7366675    
  0.6657061    
  7.6669627E-03
 -0.5926862    
 -0.9977336    
  -1.020901    
  -1.141769    
  -1.519324    
  -1.444117    
  -1.493555    
  -1.115593    
 -0.6409798    
 -0.5950127    
 -0.1932263    
 -1.3695321E-02
  0.2049256    
  9.1453604E-02
 -0.3011265    
 -0.5007503    
 -0.7909683    
 -0.9468336    
 -0.7798138    
 -0.5096170    
  1.5999192E-02
  1.2124340E-02
  0.2228077    
  0.2869731    
  0.7612153    
   1.030009    
  0.8472978    
  0.5352787    
  0.1768049    
  0.2812985    
 -5.9220292E-02
 -0.3411721    
 -0.2395636    
  0.2796751    
 -2.3766600E-03
 -0.5685775    
 -0.5472648    
 -0.5321594    
 -0.4092596    
  2.4954358E-02
 -3.2431208E-02
  5.9650037E-03
  0.1383050    
 -0.1294529    
 -0.5540016    
  7.0376962E-02
  0.3956932    
  0.7730850    
   1.021235    
  0.7588197    
  0.6439916    
  0.6211513    
  0.8670723    
   1.082348    
  0.9921678    
