  1.6179765E-02
  8.5598771E-03
  0.1385071    
  0.2987613    
  9.6023247E-02
  3.8206931E-02
 -0.3193522    
 -0.3269565    
 -0.2915220    
 -0.1290101    
  0.3750526    
  0.5399698    
  0.7617530    
  0.8205643    
  0.7313851    
   1.010453    
   1.288492    
   1.474282    
   1.561846    
  0.7562430    
  0.4951390    
  0.7338239    
  0.9862401    
  0.5507498    
  0.6744861    
  0.8367823    
  0.9072164    
  0.7843291    
  0.5276961    
  0.5113482    
  0.5999291    
  0.5098258    
 -2.5238466E-02
 -7.0818849E-02
 -3.9606448E-02
  0.3359931    
  0.4464640    
  0.3430120    
  0.2365175    
  0.2882371    
  2.5345556E-02
 -0.1659163    
 -0.1450434    
  0.3178563    
 -0.5064448    
 -0.6210039    
 -0.3708938    
 -0.1897083    
 -0.1931821    
  0.1662349    
  0.2774090    
  0.1975086    
  0.3547428    
  0.3530498    
  0.1614339    
  0.8840373    
   1.267920    
  0.7661299    
  0.4340605    
  0.3301718    
 -0.1073295    
  0.2042749    
  0.2427126    
  0.3725721    
  3.8691942E-02
  7.7413112E-02
  0.3082659    
  0.1539226    
 -6.3987702E-02
  5.6614470E-02
  0.5486669    
  0.4526654    
  0.3871638    
  2.4291582E-02
  0.3200201    
  3.0740679E-03
 -2.4169547E-02
 -0.6411709    
  -1.308434    
  -1.372040    
  -1.461718    
  -1.200210    
 -0.9070226    
 -0.7357262    
 -0.6452157    
 -0.6436107    
 -8.8815428E-02
  0.3075706    
 -0.1903015    
 -3.2374080E-02
 -0.6590629    
 -0.6506653    
 -0.3657258    
 -0.2590089    
 -4.1291963E-02
 -6.2127028E-02
  8.9457206E-02
  0.3475962    
  0.3665181    
  0.2621799    
  0.3091058    
  0.1313339    
  0.1045815    
  0.1933212    
 -0.2609213    
  9.4530120E-02
  0.8695055    
  0.7617476    
  0.4598465    
  0.5156383    
  0.7996794    
  0.8045393    
  0.9989840    
  0.6025642    
  0.2208612    
 -0.5100473    
  7.8716958E-03
  0.4467646    
  0.3448373    
  0.4708664    
  0.5820472    
  0.3139074    
  0.6352090    
  0.6020120    
  0.4172216    
  0.3461458    
  0.5608986    
  0.7055327    
  0.7604188    
   1.198600    
  0.6759098    
  0.6233081    
  0.2844222    
  7.2706401E-02
 -2.8289540E-02
 -0.4254055    
 -0.2740856    
 -0.4418423    
 -0.5282013    
  -1.103011    
 -0.5075309    
 -5.6765370E-02
 -0.2594411    
 -6.6397153E-02
 -1.4484227E-03
  4.4601113E-02
  0.1732384    
 -8.7663442E-02
  9.6404210E-02
 -0.3419852    
 -0.7578692    
 -0.7996001    
 -0.6542155    
 -0.7636777    
 -0.6123904    
 -0.4950471    
 -0.4690781    
 -0.5809492    
 -0.4560854    
 -0.3474711    
  0.3520035    
  0.2180972    
  0.1297067    
 -0.5466775    
 -0.4997508    
 -0.2100626    
 -0.1855952    
 -0.2914368    
 -0.3362230    
 -0.4589196    
 -0.3363402    
 -0.2464854    
 -3.6556717E-02
 -8.0845147E-02
  0.3375245    
  0.3176286    
  5.4902337E-03
  0.1306816    
 -0.1498085    
 -9.8175265E-02
 -5.1598061E-02
 -2.5685411E-02
  6.4979784E-02
  5.9636913E-02
  0.1326365    
  8.5060924E-02
  3.2293901E-02
 -0.5338664    
 -7.6708873E-03
 -0.1745207    
 -0.4754043    
 -0.5378470    
 -0.4830381    
 -0.4307293    
 -0.2326822    
 -9.8146617E-02
 -0.1119096    
 -0.1559517    
 -0.4646768    
  -1.090745    
  -1.423566    
  -1.177829    
 -0.8368025    
 -0.4622281    
 -0.4826575    
 -0.3871017    
 -0.4665928    
 -0.4299373    
 -0.4833504    
 -0.8054581    
 -0.4888520    
 -0.5435256    
 -0.1678636    
 -0.4953262    
 -0.2022090    
  0.1628128    
  0.1134296    
 -4.6393260E-02
 -0.2914682    
 -0.3977327    
 -0.2637985    
 -0.1391722    
 -0.4364713    
  2.0207377E-02
  0.4520036    
  0.7136265    
  0.3395841    
 -6.0405895E-02
 -0.3397661    
 -0.3866649    
 -0.4599486    
 -0.4789681    
 -0.2161304    
  6.2405225E-02
  0.8665547    
   1.018663    
   1.157485    
  0.6896829    
  0.2115703    
  0.3803625    
  0.4967688    
  0.4082074    
  0.3114946    
  2.0063497E-02
 -3.5641144E-03
 -0.1376214    
 -0.1194207    
 -0.4430161    
 -0.1959022    
  0.2818959    
  0.5001863    
  0.1657795    
 -0.1114887    
  6.4891659E-02
  0.1066035    
  0.1932549    
 -0.1010279    
 -0.3774904    
 -0.5766216    
 -0.9857156    
 -0.8531890    
 -0.6653776    
 -0.4422732    
 -0.2011727    
  3.5142303E-02
  0.2016450    
  0.3320342    
  0.3285021    
  9.6730269E-02
 -0.3132147    
 -9.4136827E-02
 -0.3556589    
 -7.5804219E-02
 -0.3423084    
  0.1034367    
 -8.8182345E-02
 -7.0024095E-02
  6.5161794E-02
  8.2094986E-03
 -0.2449003    
 -0.4293271    
 -0.2022182    
 -0.1916777    
 -0.1667254    
 -0.1196944    
  0.2016286    
  0.5025034    
  0.5026455    
  0.3445603    
  0.1492573    
  0.2006533    
  3.7217990E-02
 -0.2312963    
 -0.3228971    
  0.2512920    
  0.3577800    
  0.5463349    
  0.6719974    
  0.3193687    
  3.8814325E-02
  0.2202829    
  0.3148829    
  0.4471075    
  0.2464024    
  0.1928414    
  0.5188246    
  1.2755362E-02
  3.2187033E-02
 -0.1131761    
 -0.3036455    
  9.9491119E-02
  6.1145622E-02
  0.1932735    
  8.9898303E-02
 -0.1299896    
 -0.4194259    
 -0.3434194    
 -4.9590789E-02
 -9.8258935E-02
 -0.4839555    
 -0.1293325    
  0.2665696    
  5.9139583E-02
  0.3129089    
  0.4988831    
  0.4042523    
  0.5372068    
  0.3909503    
  0.1342098    
 -0.4139588    
 -0.8247394    
 -0.4556241    
 -0.4268157    
 -0.7036937    
 -0.4582177    
 -0.3294942    
 -0.1932501    
 -0.1101102    
  0.1947078    
  0.6620364    
  0.4732454    
  0.4808793    
  0.2882791    
 -0.2042968    
 -0.1221378    
 -0.1513728    
  0.5954957    
  0.5518773    
  0.4867642    
  0.3372939    
  0.2717455    
  0.2883688    
  0.2385748    
  0.6310768    
  0.5162986    
  0.3052114    
  8.4341623E-02
  0.2839018    
  0.1626814    
  0.3678115    
  0.3924536    
  0.3408287    
  0.3451401    
  0.4621896    
  0.4702145    
  0.3987172    
 -5.2088074E-02
 -0.1303055    
  0.4795744    
  0.2388102    
  0.7331136    
  0.8027176    
  0.8686532    
  0.9853249    
   1.049763    
   1.138751    
  0.9511868    
  0.8150154    
   1.065908    
  0.9538116    
  0.7274114    
   1.130507    
  0.9334224    
  0.6106398    
  3.7159961E-02
 -8.6187512E-02
  0.1141373    
 -7.6853849E-02
  0.1737010    
  0.2695841    
  0.1187826    
  0.1614721    
  0.1241119    
 -9.9401899E-02
 -8.6131498E-02
 -0.2132654    
 -0.4786620    
 -0.1846971    
  0.2582279    
  0.5354949    
  0.8140134    
   1.634436    
   1.434131    
  0.7960914    
  0.7946130    
   1.232398    
   1.199119    
   1.185743    
   1.347790    
   1.181529    
  0.9369463    
  0.7629575    
  0.6720981    
  0.4970900    
 -0.2395091    
 -0.8156067    
 -0.3549494    
 -0.5511689    
 -0.2471596    
 -5.5566389E-02
 -0.2089488    
 -0.2924583    
 -0.4608090    
 -0.5558218    
 -0.4442414    
 -0.9215007    
 -0.8635127    
 -0.6325865    
 -0.7285663    
 -0.8928574    
 -0.7000741    
 -0.4225357    
 -0.4593118    
 -0.4041043    
 -0.2938610    
 -0.3510746    
 -0.3275034    
 -0.3852659    
 -0.7813807    
 -0.9779314    
 -0.7006383    
 -0.7457402    
 -0.2622440    
 -0.1254006    
  6.4583987E-02
  0.1020970    
 -8.5036056E-03
  8.2138911E-02
  0.3474181    
  8.6085699E-02
 -9.1302432E-02
 -8.3326608E-02
  7.8806370E-02
 -0.1807544    
  8.7152869E-03
 -0.1924239    
 -0.5579638    
 -0.6497883    
 -0.5886061    
 -0.4344751    
 -0.5430788    
 -0.1529685    
 -5.2017748E-02
  5.2738162E-03
 -8.9457721E-02
 -0.1646367    
  0.1673604    
  0.1814316    
  0.1965335    
  0.2582383    
  0.1998876    
 -8.8172510E-02
 -2.7041718E-02
  0.4889604    
  0.1181278    
 -0.3539342    
 -0.3906820    
 -0.4421020    
 -0.5293476    
 -0.3790367    
 -0.4833091    
 -0.4868552    
 -0.3127144    
 -0.4265221    
 -0.5581757    
 -0.7258211    
  -1.165739    
  -1.293582    
  -1.458037    
  -1.193105    
 -0.7260524    
 -0.3935909    
 -4.7960732E-02
 -0.2106685    
 -0.3722690    
 -0.4882369    
 -0.5347977    
 -0.4160297    
 -0.2801324    
 -0.7821574    
 -0.5803307    
 -0.4260678    
 -0.2207047    
 -0.1977949    
  6.7125164E-02
  2.3260584E-02
 -7.2495833E-02
 -7.1531460E-02
  4.6323694E-02
 -0.1019516    
  0.5235478    
  5.7657417E-02
 -3.6898818E-02
  5.8180597E-02
  0.3287089    
  0.4929800    
  0.8262666    
  0.9546317    
  0.6325240    
  0.6803960    
  0.3967782    
  0.6590170    
  0.3644603    
 -0.2099829    
 -0.7934623    
 -0.6572371    
 -0.4195483    
 -0.1963732    
 -0.2466021    
 -0.2975131    
 -0.3262662    
 -0.4758092    
 -0.4937267    
 -0.7356060    
 -0.3382547    
 -0.2403759    
 -3.9856084E-02
  0.1215865    
  0.2554308    
  0.3285645    
  0.3839171    
  0.4220960    
  0.4134953    
  0.3200471    
  0.1618966    
  0.7577083    
  0.8076558    
  0.7041806    
  0.7434172    
  6.5410443E-02
  5.3720776E-02
  0.3358388    
  0.4532807    
  0.3183464    
  0.1783525    
  0.1197502    
 -0.2199135    
 -0.2199397    
 -0.2160573    
 -0.6095778    
  -1.117983    
 -0.7812592    
 -0.2141124    
  7.8715995E-02
  0.1708872    
  0.4650660    
  0.3159025    
  0.4469118    
  0.3800043    
  1.2493851E-02
 -0.2024031    
 -1.5589230E-02
 -0.3156146    
 -0.6268007    
 -0.4167818    
  4.6600841E-02
  0.3771524    
  0.3950240    
  0.3054183    
  0.3417116    
  0.3760678    
  0.4653348    
  7.1810861E-03
 -0.4012544    
 -0.3202983    
 -0.2384726    
  0.1159088    
 -0.2096554    
 -0.3887205    
 -0.3183338    
 -0.2238057    
 -0.1537994    
  2.4181187E-02
  0.2569978    
  0.4695762    
  5.3340676E-03
  0.5063686    
  0.2714365    
  0.3305227    
  0.8520325    
  0.5988328    
  0.5093895    
  0.4524353    
   1.332429    
   1.000410    
  0.7785020    
  0.8070764    
  0.9528393    
  0.5116514    
  0.6631515    
  0.5900173    
  0.4445126    
  0.3144659    
  0.4193503    
  0.5215840    
  0.2759061    
  4.2353127E-02
  0.7800266    
   1.146547    
   1.000478    
  0.8250046    
  0.7526069    
  0.5455766    
  0.3657910    
  0.7875635    
  0.8005396    
  0.7040278    
  0.7506206    
  0.7704208    
   1.310366    
   1.390575    
  0.8656403    
  0.7560792    
  0.6807144    
  0.7392032    
  0.9173312    
  0.7719076    
  0.7729673    
  0.6166725    
  0.5127044    
  0.2181700    
  7.8062657E-03
  0.4544781    
  0.2890305    
  0.1181082    
 -3.3093363E-02
  8.7056637E-02
  0.3147087    
  0.2500281    
  0.2572834    
  0.1794874    
  1.2570067E-02
  0.1375360    
  0.6426854    
  0.4367007    
  0.4514806    
  0.3689192    
  0.4452438    
  0.3648401    
  0.3467836    
  0.2771263    
 -3.6834139E-02
 -0.1883892    
 -0.1162418    
 -0.4207283    
  2.8985366E-02
 -0.3751799    
 -0.3925976    
 -5.8789615E-02
 -6.3888870E-02
 -0.1119684    
 -0.4604886    
 -0.6177076    
 -0.7105119    
  -1.008017    
  -1.140620    
  -1.079686    
 -0.9430400    
 -0.6984029    
 -0.2475872    
 -0.2343438    
  6.7044772E-02
 -0.2461150    
  0.1213743    
  8.4829874E-02
  0.1331202    
  3.2304195E-03
  2.7345292E-02
 -4.4513766E-02
 -4.3579776E-02
  0.1657802    
  0.1976507    
 -0.2399420    
 -0.2008494    
 -5.1559649E-02
  7.9544604E-02
  0.1318267    
  0.2644606    
  0.2430089    
  0.2073509    
  0.2434644    
  0.4518830    
  0.5289969    
  0.3723322    
  0.2043797    
  0.2429595    
  0.5433865    
  0.6134999    
  0.8311352    
  0.9112591    
  0.6971417    
  0.4932177    
  0.1396968    
  0.1437838    
 -0.2129983    
  -1.069618    
 -0.6686590    
 -0.2585035    
 -0.5177274    
 -0.2581633    
 -0.2901796    
 -0.2057541    
 -0.3441574    
 -0.5919664    
 -0.4217235    
 -0.3495834    
 -0.3246076    
 -0.4882580    
 -0.7351574    
 -0.7098297    
 -0.6829783    
 -0.5571674    
 -0.4085166    
 -0.1730404    
 -8.5357346E-02
  0.1455519    
  0.1221526    
  0.2656814    
 -0.2036142    
  -1.103953    
 -0.8111977    
 -0.8978212    
 -0.6083572    
 -0.4394034    
 -0.4741584    
 -0.3607115    
  3.2301020E-02
  3.8027748E-02
 -0.3552403    
 -0.2090491    
  3.7961472E-02
  0.1621792    
 -0.2541342    
 -0.1465700    
  0.1197893    
 -0.1467770    
  3.6949549E-02
  0.1400036    
 -0.2069636    
 -0.4257194    
 -0.2225428    
 -0.5401173    
 -0.3841878    
 -0.2069108    
 -0.4687112    
 -0.4442886    
 -0.2452047    
 -9.8715208E-02
  0.2770713    
  0.4151800    
  0.2557495    
  0.2158839    
  0.1104232    
 -0.1185659    
 -0.4876700    
  -1.037667    
  -1.033687    
 -0.7547720    
 -0.5335073    
 -0.5971962    
 -0.6646761    
 -0.6342407    
  -1.002201    
  -1.274325    
 -0.5858067    
 -0.7499655    
  2.9644901E-02
  0.1415203    
 -9.4982520E-02
 -0.1397686    
 -0.3144864    
 -0.3623337    
 -0.3584415    
 -0.3325149    
 -7.9366714E-02
 -0.3509378    
 -0.2022568    
  0.3862474    
 -3.4081623E-02
 -0.6017830    
 -0.9506414    
 -0.9492673    
 -0.4847642    
 -0.3397911    
 -0.1598255    
 -9.6211880E-02
  0.5087941    
  0.7381096    
  0.3953250    
  1.7950058E-02
  0.2804568    
  0.1502001    
 -0.3262073    
 -0.2380052    
  7.6385036E-02
  0.2933584    
  0.4188707    
 -0.2822928    
 -7.0202321E-02
  0.1727946    
 -0.2058347    
 -0.3794934    
 -0.4307143    
 -0.5476192    
  1.1942607E-02
  0.1021955    
  0.2275666    
  0.2374106    
  3.2974977E-02
 -0.3407530    
 -0.2710347    
 -0.1007712    
 -0.3338574    
 -0.6022208    
 -0.4592920    
 -3.5123132E-02
 -0.5889195    
 -0.8527812    
 -0.6632915    
 -0.5462744    
 -0.8367819    
 -0.7952362    
 -0.2845140    
 -0.2986871    
 -0.2375953    
 -0.4118342    
 -0.1512698    
  0.5589746    
  0.3174348    
  0.1591499    
 -0.1000279    
 -0.2623329    
 -9.8208770E-02
 -6.1464079E-02
  0.1057168    
  0.5531064    
   1.048640    
  0.6131544    
  0.1963219    
 -0.4246666    
 -0.4794794    
 -0.6710203    
 -0.9592533    
 -0.7007938    
 -0.4762144    
 -0.5584591    
 -0.5488136    
 -0.5654722    
 -0.4555905    
 -1.6268887E-02
 -0.4574947    
 -0.6572245    
 -0.7406276    
 -0.9354036    
 -0.7675628    
 -0.8150398    
 -0.7250530    
 -0.9816844    
  -1.108430    
  -1.199808    
 -0.9937536    
 -0.9186765    
  -1.167712    
 -0.7674291    
 -0.6380648    
 -0.3209052    
 -0.2936810    
 -0.3868286    
 -0.6489760    
 -0.5930046    
 -0.2948076    
 -0.1755393    
  0.3688611    
  0.6834296    
  0.1999242    
  0.1325807    
  0.4206893    
  0.2746418    
  0.1102795    
  0.2621865    
  0.3042471    
  4.2903647E-02
 -0.1484134    
 -0.3980033    
 -0.4453131    
 -0.5348414    
 -0.4582056    
  -1.110436    
  -1.421615    
  -1.290882    
  -1.024110    
 -0.9098417    
 -0.7037182    
 -0.6595573    
 -0.4178405    
 -0.5030222    
 -0.5125181    
  -1.156620    
 -0.4919436    
  0.4018143    
  0.3498409    
  0.1024253    
 -0.3284291    
 -2.3355445E-02
 -0.1455036    
 -0.3001277    
 -0.1023420    
 -9.8048061E-02
 -0.4436573    
 -0.1693532    
 -0.5058582    
 -0.5843945    
 -0.5543629    
 -0.3091809    
 -0.1980811    
 -0.3659962    
 -0.3095623    
 -0.1285586    
  2.3911927E-02
  5.7923337E-03
  0.1975871    
  0.3222960    
  0.2219996    
  0.2378938    
  0.3982785    
 -0.1001615    
 -0.4173860    
 -0.2427725    
 -7.5057127E-02
  0.2112645    
  8.3932661E-02
 -0.1691628    
 -0.2073132    
  0.1111404    
 -0.2516612    
 -0.8673570    
 -0.7317473    
 -0.5939668    
 -0.6183417    
 -0.4492393    
 -0.2026213    
 -0.1304266    
 -0.3965732    
 -7.9753138E-02
 -0.3289750    
  0.1656169    
 -0.2112831    
 -0.1571102    
 -0.4977020    
 -0.7270797    
 -0.8439168    
  -1.121424    
  -1.173135    
 -0.9432920    
 -0.7770094    
 -0.4968896    
 -0.2535778    
  0.8297799    
  0.8403561    
  0.6752790    
  0.2531822    
 -0.1154635    
 -0.1261821    
  0.4290004    
  0.2611829    
  0.1498811    
 -6.8814151E-02
  5.8562312E-02
  9.3759462E-02
  0.1991016    
  0.3352555    
  0.4512734    
  0.4428378    
  0.3351653    
 -4.8883237E-02
  8.5593760E-02
  2.8015582E-02
 -0.1162335    
 -5.5930730E-02
 -7.5840548E-02
 -0.3782004    
 -0.5849817    
 -0.6873353    
 -0.9016026    
  -1.003634    
  -1.048591    
 -0.7731060    
 -0.5212775    
 -0.2005743    
 -1.1126116E-02
 -0.3736622    
 -0.3557913    
 -0.4972008    
 -0.6908731    
 -0.4636483    
 -0.2364137    
 -0.4586649    
  0.2107759    
  0.2012436    
 -0.1910185    
 -4.7179025E-02
 -2.7877541E-02
  7.9206981E-02
  0.3606882    
 -2.4744371E-02
 -0.4965270    
 -0.1974974    
  0.2861372    
  0.7037274    
  0.7521828    
  0.5545330    
  0.1704704    
  4.9085107E-02
  5.2244101E-02
 -0.1310329    
 -0.2038918    
 -0.2303531    
 -0.1780163    
  1.1127600E-02
 -0.5695001    
 -0.4492583    
 -0.1057698    
 -9.9954404E-02
 -8.4302098E-02
 -0.1218536    
  0.1954574    
  0.4202995    
  0.2885906    
  0.5388066    
  0.4107146    
  0.2582019    
  0.1708230    
  0.4283582    
  0.7896485    
  0.3994720    
  0.2225145    
  0.3245180    
 -1.8259376E-02
  0.1644628    
  0.4257028    
  0.2068766    
  0.5598257    
  0.4822755    
  0.7491596    
  0.8363076    
   1.075354    
  0.9688620    
  0.1252835    
 -8.0486365E-02
 -0.2848628    
 -0.2213981    
  1.5653543E-03
  0.2917352    
 -2.2387346E-02
 -0.3639724    
  0.3142177    
  9.2421323E-02
 -0.1816292    
 -0.2742286    
 -8.7799557E-02
 -0.3104872    
 -0.1226837    
  4.8254961E-03
 -5.1114444E-02
 -0.1353210    
 -0.2659488    
 -0.1702073    
  0.5753331    
  0.7645208    
  0.5440474    
  0.2668734    
  8.4763952E-02
  0.2929002    
  0.3187650    
  3.9692879E-02
 -1.5143148E-02
  0.2210902    
 -0.1335454    
 -0.2594587    
 -0.2675462    
 -0.3057472    
 -0.7901202    
 -0.6510285    
 -0.3112883    
 -0.1461057    
 -6.0491122E-02
  4.1903820E-02
  9.9249139E-02
  5.0100833E-02
 -0.5724106    
  -1.148362    
 -0.5740970    
 -0.4766466    
 -0.4215178    
 -0.4054253    
 -0.3513947    
 -0.3550200    
 -0.3465648    
 -0.6044625    
 -0.6597191    
 -0.4047965    
 -0.4117752    
  0.3851802    
  0.2595330    
 -0.1442319    
 -0.1924512    
 -0.6005522    
 -0.5780088    
 -0.6325374    
 -0.7288117    
 -0.4960752    
 -0.2033418    
  0.1453971    
  8.0269687E-02
  0.1562670    
  0.7326294    
  0.4795034    
 -0.1287837    
 -0.1307285    
 -0.1730132    
 -8.2402065E-02
 -0.3821699    
 -0.4503766    
 -0.2298035    
 -0.3927267    
  0.5097207    
  0.6610629    
  0.1844727    
  0.4254598    
  0.4954438    
  0.8611699    
  0.9284775    
  0.8491681    
   1.023991    
  0.9013947    
  0.4903359    
 -2.1812607E-02
 -0.2950424    
 -3.7674271E-02
 -0.2524306    
  6.2110044E-02
  8.7992065E-02
 -3.7459772E-02
  0.3592128    
  0.6539174    
  0.6583094    
  0.4967937    
  0.1657557    
  2.4812389E-02
 -0.3856629    
  0.3533053    
  0.2124592    
 -3.9656397E-02
  0.3098197    
  0.6403387    
  0.3574173    
  0.4820598    
  0.5550418    
  0.5014421    
  0.1785398    
 -2.4769519E-02
 -0.4075043    
 -0.5670426    
 -0.9472266    
 -0.9225378    
 -0.3402088    
 -0.4388568    
 -0.1505849    
  0.2475582    
  0.5264254    
  0.4250707    
  0.5143976    
  0.2347683    
  0.3365968    
  0.1171356    
  9.8933697E-02
  0.1068762    
  0.1795838    
  0.1656732    
 -5.3573109E-02
 -0.1790674    
 -0.2974180    
 -0.3103364    
 -0.3431463    
 -4.8777167E-02
 -0.3819671    
 -0.2568557    
  0.2266668    
  0.5511472    
  0.8146228    
  0.4740560    
  0.3063016    
  7.4386508E-03
 -0.1767884    
 -0.2923493    
 -7.8584805E-02
  6.3065670E-02
  5.9118949E-02
 -9.8074242E-02
  0.2885756    
 -7.2328627E-02
 -0.4606712    
 -0.3434180    
 -0.1682374    
 -0.2667141    
 -0.3786428    
 -0.5374122    
 -0.3170721    
  0.1878449    
  9.9999353E-02
 -0.5347701    
 -0.3520575    
 -5.5873528E-02
 -0.1494936    
 -9.8751582E-02
 -0.5954108    
 -0.5793337    
 -0.6520792    
 -0.2403959    
 -0.3846695    
 -0.5367835    
 -0.6733870    
  0.1346360    
 -0.4662031    
  -1.422157    
  -1.066646    
 -0.8978782    
 -0.7693688    
 -0.6374959    
 -0.6174470    
 -0.5213524    
 -0.1643280    
 -0.2590857    
 -0.2259364    
 -3.3926781E-02
  2.1731127E-02
  0.2521200    
  0.5879374    
  0.3435223    
  6.3718855E-02
 -0.1217934    
  2.3253467E-02
  0.1286492    
  0.1580277    
 -0.1395008    
 -0.4311639    
 -0.4020962    
  0.1380267    
  0.3541847    
 -0.1148353    
  0.1495856    
 -5.7685360E-02
 -0.2130564    
  5.6855559E-02
  1.7941438E-02
  0.2561072    
  0.3235920    
  0.6144955    
  0.5644201    
  0.6903401    
   1.072520    
   1.304752    
  0.3871485    
  0.2227874    
  0.3133967    
  0.4229897    
  0.3803296    
  0.3405310    
 -8.8803262E-02
 -0.5272678    
 -0.2434664    
  0.4672258    
  0.4521045    
 -0.1061811    
 -0.2447634    
 -0.4165692    
 -0.2576475    
 -0.3480378    
 -0.3886386    
 -0.2687088    
 -0.1291201    
  0.2838716    
 -5.0413083E-02
 -7.2620697E-02
 -2.4374234E-02
  0.2322676    
 -0.5270929    
 -0.2722647    
 -0.1641185    
 -8.8742889E-02
 -0.2057454    
  0.2956325    
  0.2685368    
  0.1180204    
  0.5232887    
  0.8236656    
  0.9626130    
  0.5347400    
  0.2297279    
  0.2076630    
  0.4714423    
  0.5351580    
  0.3938558    
  6.7436233E-02
 -6.7128524E-02
 -0.2706245    
  4.9280226E-02
  0.1540928    
 -7.4577965E-02
  1.3492421E-02
  0.3565543    
  0.5006544    
  0.6051548    
  0.5075003    
  0.3491567    
  0.4079461    
  0.9438890    
   1.582632    
   1.853152    
   1.392851    
   1.466716    
   1.367812    
   1.057767    
  0.7092524    
  0.5259243    
  0.7215967    
  0.7121447    
  0.5729443    
  0.8550511    
  0.8516299    
  0.8888757    
   1.464963    
   1.844288    
   1.206077    
  0.7028624    
  0.5676459    
  0.5020944    
  0.2282485    
 -0.1996922    
 -0.3757708    
 -0.4497142    
 -0.3355795    
 -4.4183828E-02
  0.6704541    
  2.5277495E-02
  0.3910788    
 -0.1670134    
 -8.3203346E-02
 -4.2116486E-02
 -0.4563623    
 -0.2110827    
  7.1426466E-02
 -0.2584784    
 -0.4825619    
 -0.4347129    
  0.2923035    
  0.5554262    
  0.5217488    
  0.4923159    
  0.4711221    
  0.3709874    
  0.4657870    
  0.1819104    
 -7.0820868E-02
  0.1520225    
  0.2898467    
 -0.3100448    
  0.1479857    
  0.1520888    
  0.2629386    
  0.1562078    
  9.6255288E-02
  0.3140230    
  0.1403611    
 -3.7515834E-02
 -0.2647946    
 -2.6590616E-02
 -1.0077035E-02
  0.2838039    
  0.4551341    
  0.4908363    
  0.5385250    
  0.1837380    
  1.0418956E-02
 -8.3262347E-02
  0.2728401    
  0.2796560    
 -9.6854959E-03
 -0.3183462    
 -0.2139087    
  0.3035693    
 -0.4365662    
 -0.2780617    
 -0.7828841    
 -0.5959615    
 -0.5986499    
 -0.7171170    
 -0.2292706    
  9.0194985E-02
  0.3935065    
 -0.1629442    
 -2.3692315E-02
  0.1472834    
  4.7229421E-03
 -0.1414966    
 -0.3327110    
 -0.3185711    
 -5.7966881E-02
  0.1069805    
  0.3288543    
  0.3349498    
  0.5468907    
  0.3826043    
  0.4316300    
  0.6777309    
  0.9731867    
  0.3490418    
  0.4738890    
  0.8576180    
  0.5515451    
  0.5139617    
  0.5228270    
  0.3293821    
  0.3779289    
  0.3506125    
  0.2651320    
  0.2055644    
  0.2207318    
  0.4834066    
  0.4160473    
  0.1863062    
  0.1335060    
 -7.0070587E-02
 -0.1540610    
 -0.4594554    
 -7.0513576E-02
  3.0894205E-02
 -0.3537102    
 -0.5503393    
 -0.2264615    
  0.3644447    
  0.4352290    
  0.3003793    
  0.1513535    
 -0.1010927    
 -0.2285559    
 -0.2334395    
 -0.2365642    
 -0.1850465    
 -6.0676049E-02
 -0.3870397    
  7.8363732E-02
  0.2353841    
 -0.1382227    
  8.4035456E-02
  0.1648431    
 -0.2007293    
 -0.1202607    
 -0.2046617    
  0.2606718    
  0.5923159    
  0.1310686    
 -0.1118783    
 -0.6132122    
 -0.8293918    
 -0.6749675    
 -0.5766760    
 -0.6232796    
 -0.5850061    
 -0.6582707    
 -0.4770044    
 -0.6730719    
 -0.6704750    
 -0.2145955    
 -0.7780365    
 -0.9664256    
 -0.3823466    
 -0.2348334    
 -0.2918077    
 -0.5840533    
 -0.4550466    
 -0.5351051    
 -0.4904522    
 -0.5031959    
 -0.4971450    
 -0.6141978    
 -4.7359977E-02
  0.6276290    
  0.3626883    
  2.6140381E-02
  6.2696733E-02
  5.0786655E-02
  2.1781376E-02
 -0.1088779    
 -0.2065076    
 -0.4751388    
 -0.3119419    
 -0.2307600    
 -0.2633490    
 -0.1743396    
 -0.3439819    
 -0.3631043    
 -0.3559610    
 -0.1838076    
 -4.5936048E-02
 -0.1028336    
 -0.3332624    
 -0.7250181    
  -1.048667    
  -1.143389    
 -0.3237461    
 -0.2174833    
 -0.2046294    
 -4.3937206E-02
 -0.3431928    
 -0.4993265    
 -8.0673449E-04
  3.3336349E-02
  8.5676551E-02
  4.9231939E-02
  0.6080312    
  0.6875978    
  0.6048594    
  0.3564231    
  0.1621234    
  0.6861250    
  4.9163301E-02
  7.3501666E-04
 -0.1032434    
 -0.1535616    
 -9.6238434E-02
 -1.9564405E-02
  0.1152019    
 -0.4695333    
 -0.5643789    
 -0.2960635    
  0.3779534    
  0.2030623    
 -0.4141270    
  4.0816940E-02
  0.2584340    
  0.4043899    
  0.3764185    
  0.3752564    
  0.1050463    
  9.3246736E-02
  0.7153149    
   1.399737    
   1.554039    
   1.094661    
  0.6350437    
  0.1186783    
 -0.2612918    
 -0.3207604    
 -0.5972603    
 -0.7048579    
 -0.8287976    
 -0.5167793    
 -0.6450502    
 -0.6824917    
 -0.5928189    
 -0.4111427    
 -0.4796024    
 -0.5313426    
 -0.3621877    
 -0.3874403    
 -0.2475141    
 -0.2896137    
 -0.2841150    
 -6.2805757E-02
 -0.2436010    
 -5.3727787E-02
  0.7930933    
   1.047987    
  0.3630893    
  0.1828766    
  2.1209344E-02
  0.1336844    
  4.2207774E-02
 -9.1053754E-02
  0.4497450    
 -4.8721611E-02
  0.4276509    
   1.668422    
   1.391657    
  0.8051144    
  0.7012713    
  0.6411454    
  0.6172559    
  0.2954981    
 -6.4916816E-03
  1.4863554E-02
 -0.1195777    
 -0.2162868    
 -4.6299383E-02
 -8.3671726E-02
 -0.4629607    
 -0.6221755    
 -0.4233784    
 -0.7765587    
 -0.9953087    
 -0.9308704    
 -0.6779996    
 -0.6808955    
 -0.8873825    
 -0.7527142    
  -1.216626    
 -0.8322316    
  4.4564277E-02
 -0.3034934    
 -0.5646004    
 -0.5447627    
 -0.6645858    
 -0.6920820    
 -0.3348446    
 -0.2181030    
  0.1424425    
  0.3643866    
  0.5574074    
   1.573657    
   1.761805    
   1.539120    
   1.332660    
  0.8245820    
  0.2436997    
  5.1126651E-02
 -5.0824851E-02
 -0.3120549    
 -5.6336153E-02
  0.2001552    
  0.5912688    
  0.3102133    
 -0.1903329    
 -0.1728850    
  0.1475376    
 -0.2095814    
 -0.3126483    
 -0.3011847    
 -0.5525698    
 -0.6332074    
 -0.1143655    
 -0.1632562    
  7.5885557E-02
   2.034122    
   1.538868    
  0.6636714    
  0.4741961    
 -0.2400837    
 -0.3219365    
 -0.2852259    
 -0.4241725    
 -0.2771156    
  0.4812292    
  0.7471341    
   1.153637    
   1.313772    
  0.9314833    
   1.207387    
  0.6351166    
  0.5362225    
