  0.6584079    
  0.8256013    
  0.8044145    
  0.6243518    
  0.6177714    
  0.3857711    
  0.2443730    
 -3.8018145E-02
  6.9088815E-03
  0.1017471    
  0.4269236    
  0.3086108    
  9.5509320E-02
  0.2675183    
  0.3489638    
  0.1941603    
  5.8676925E-02
  3.0288061E-02
 -0.2456528    
 -0.3963720    
 -0.2444076    
  3.8014226E-02
  0.8584182    
  0.8590000    
  0.7047748    
  0.8148844    
  0.9697050    
  0.9128689    
  0.6619633    
  0.8529951    
  0.6721053    
  0.4822568    
  0.1128226    
  0.1287685    
  0.2545914    
  0.4584066    
  0.1360769    
  0.1018694    
  4.4178322E-02
  0.6167747    
  0.5089421    
  0.5766417    
  0.3307720    
  7.6899043E-04
  0.1177037    
  0.2062154    
  0.4461378    
  0.8400354    
  0.8858334    
  0.9848918    
  0.7875458    
  0.5954828    
  0.7349128    
  0.7134959    
  0.5506055    
  0.4772884    
  0.1062941    
  7.9285942E-02
  0.4523448    
  0.7545961    
  0.7043351    
  0.8975741    
  0.6811464    
  0.7080121    
  0.6584415    
  0.6870481    
  0.3554120    
  0.1336970    
  0.2312795    
  4.7532409E-02
  0.3495481    
  0.5913512    
  0.5778027    
  0.5923340    
  0.5455087    
  0.5836478    
  0.5932507    
  0.6085378    
  0.1482029    
  0.3077181    
  0.3694077    
  0.2984693    
  0.4574837    
  0.4959148    
  0.3860317    
  0.4301648    
  0.5519505    
  0.4429153    
  0.4691978    
  0.4433666    
  0.5152722    
  0.4722296    
  0.2511953    
  0.2009560    
  0.5336512    
  0.4874188    
  7.5075462E-02
  5.5079188E-02
  0.2886297    
  0.2919772    
  0.2814613    
  0.3623540    
  0.3644059    
  0.4033593    
  0.3231710    
 -3.7671752E-02
 -0.2972328    
  4.7715276E-02
  0.1576956    
 -0.1233565    
 -0.3114393    
 -0.3135851    
 -0.2572640    
 -0.1571000    
 -0.5107595    
 -0.9414360    
 -0.9261451    
 -0.9698663    
 -0.6041628    
 -0.6475807    
 -0.6849384    
  -1.035161    
 -0.9056399    
 -0.8720426    
 -0.9560875    
  -1.089043    
 -0.7141222    
 -0.8121678    
 -0.7953736    
 -0.6841254    
 -0.4847009    
 -0.1754846    
 -0.2334174    
 -3.9806921E-02
  6.4571440E-02
  0.6276302    
  0.6553527    
  0.7399839    
   1.055346    
  0.3297883    
  0.1943211    
  0.6141352    
  0.7798273    
   1.395661    
   1.367946    
   1.462260    
   1.329643    
  0.9823561    
  0.7065818    
  0.5089092    
  0.2638966    
  0.1100959    
  0.1619856    
  0.2838555    
 -4.0428594E-02
  0.1184625    
  0.2854970    
  0.5565298    
  0.5158092    
  0.4978738    
  0.5461746    
  0.4007091    
  0.3075184    
  0.5949720    
  0.4502872    
  0.1747038    
  0.2833022    
  0.2994523    
  0.3654298    
  0.3290235    
  4.0875126E-02
 -2.0419296E-02
  8.5668012E-02
  9.6222073E-02
 -3.6577567E-02
  0.3334075    
  0.2449204    
 -6.1599772E-02
  0.1163005    
  0.3379997    
  0.4301160    
  0.2417568    
 -4.7760092E-02
  0.2381708    
  0.6117731    
  0.4791920    
  5.4188766E-02
  4.1423291E-02
  0.1997172    
 -0.2942651    
 -0.2774674    
 -0.4245174    
 -0.6178505    
 -0.7446684    
 -0.6967123    
 -0.5095181    
 -0.3867139    
 -0.4270702    
 -0.4872664    
 -0.2898174    
  8.4753998E-02
 -0.1921046    
  0.1416570    
  0.1975528    
  0.3189949    
  0.5076751    
  0.7672074    
  0.5914887    
  0.3787647    
  0.3363215    
  0.4070193    
  3.7567411E-02
  4.2652007E-02
 -0.3107876    
 -0.5329324    
 -0.5550379    
 -0.7058659    
 -0.8466358    
 -0.5499297    
 -0.2257498    
 -0.3584495    
 -0.4269385    
 -0.6145394    
 -0.3708907    
 -0.2768185    
 -0.1374227    
 -0.1519576    
  7.5646207E-02
 -0.3849161    
 -0.2768998    
 -4.0667426E-02
  8.4514648E-02
 -0.1475601    
 -0.3461000    
 -0.1878433    
 -0.1822845    
 -0.5725724    
 -0.3516659    
 -0.3076963    
 -0.3899527    
 -0.3157952    
 -0.1421416    
 -0.2308657    
 -0.2778808    
 -9.0353470E-03
 -7.8743167E-04
 -0.2962628    
 -4.4265769E-02
  0.1727634    
  0.7221298    
  0.8348888    
  0.9237044    
  0.7507221    
  0.1575715    
 -0.1886319    
 -0.4254190    
 -0.3371114    
 -0.2594336    
 -0.4890772    
 -0.7238001    
 -0.5212224    
 -0.4324645    
 -0.2281258    
 -0.2468098    
 -0.1835407    
 -5.4671768E-02
  0.2091449    
  0.3539993    
  0.3513302    
  0.5302169    
  0.4499385    
  0.2537001    
  0.2557782    
  5.1066406E-02
 -8.7728938E-03
  0.3347262    
  0.8363818    
   1.000067    
   1.283519    
   1.318762    
   1.947200    
   1.932477    
   1.378503    
   1.009580    
  0.8073997    
  0.9317818    
  0.8209649    
   1.074721    
  0.8054165    
  0.6216129    
  0.3011246    
  0.1187412    
 -7.8301921E-02
 -0.4051969    
 -0.4814146    
 -0.4801325    
 -0.3282569    
  5.8161773E-02
  0.3670430    
  0.5484563    
  0.5035010    
  0.6968548    
  0.8280343    
  0.8934739    
  0.8438104    
  0.7615309    
  0.7876102    
  0.8921551    
  0.6356161    
  0.9742237    
   1.049844    
  0.7384380    
  0.5459261    
  0.7451890    
  0.7388367    
  0.7148644    
  0.5489941    
  0.2672583    
  0.3108957    
  0.2374601    
  0.3979935    
  0.4717128    
  0.3100740    
  0.3473440    
  0.5392879    
  0.3115372    
  0.2852915    
  0.2087182    
  0.3539355    
  0.2830446    
  0.2391393    
  0.3308205    
  0.2273141    
  0.2205443    
 -0.1389369    
 -0.3838022    
 -0.4819123    
 -0.5623491    
 -0.6300948    
 -0.6372662    
 -0.3569607    
 -0.1978023    
 -0.3969788    
 -0.1373372    
 -0.2226276    
 -0.5435825    
 -0.4467618    
 -0.2314653    
 -0.4713467    
 -0.5909932    
 -0.8934856    
 -0.9626494    
 -0.7856332    
 -0.9750673    
 -0.9649724    
  -1.013632    
 -0.6040003    
 -0.4708147    
 -0.5491657    
 -0.5564740    
 -0.5832631    
 -0.8314090    
  -1.214857    
  -1.076890    
 -0.6388419    
  6.4436562E-02
 -0.9224379    
  -1.401259    
  -1.376401    
  -1.271399    
  -1.269018    
 -0.8255931    
 -0.7613930    
 -0.6950405    
 -0.6121950    
 -0.6308446    
 -0.4917587    
 -0.3147501    
 -0.1032360    
 -4.2212341E-02
 -0.4344709    
 -0.3174618    
  0.1107708    
  0.5218800    
  0.6151367    
  0.1790188    
  0.1044776    
 -0.1598038    
 -0.1644655    
 -0.2057963    
 -4.2991005E-02
 -0.1445950    
 -1.8030487E-02
 -0.2726271    
 -0.8497515    
 -0.7918891    
 -0.6799299    
 -0.8879744    
 -0.8242521    
 -0.5874415    
 -0.5183565    
 -0.5265698    
 -0.5570153    
 -0.7371222    
 -0.3647328    
  0.2077961    
  0.1983961    
 -7.3648892E-02
 -0.4029283    
 -0.7144901    
 -0.8167276    
  -1.005822    
 -0.6525474    
 -0.4637933    
 -0.3029514    
 -0.5959572    
 -0.5138046    
 -0.5057362    
 -0.8274336    
 -0.5015481    
 -0.2470721    
 -0.4121627    
 -0.7196695    
 -0.5394549    
 -8.0399618E-02
 -0.3800858    
 -0.5887682    
 -0.7691254    
  4.9616121E-02
 -0.2395314    
 -0.4532627    
 -0.3438461    
  3.3918388E-02
  0.1820505    
  0.3673556    
  0.2620890    
  0.3038123    
  0.2588599    
  0.3252188    
  0.3079494    
  8.3227210E-02
 -0.1482750    
 -0.5110781    
 -0.6993228    
 -0.9902722    
  -1.297202    
  -1.554197    
  -1.217138    
 -0.8972194    
 -0.6909533    
 -0.5002822    
 -0.3307407    
 -4.7686733E-02
 -7.6967619E-02
 -0.3779381    
 -0.1519113    
  1.7944220E-02
  0.3448914    
  0.5387764    
  0.5455899    
  0.3687037    
  0.5293870    
  0.3384944    
  0.3360479    
  0.6421426    
  0.4604778    
  0.5198721    
  0.3797507    
  0.2577012    
  0.5198770    
  0.4452042    
  0.4056889    
  0.4624388    
  0.2724224    
  0.3998362    
  0.4884068    
  0.3507471    
  0.1955134    
  0.2990163    
  0.7463500    
  0.9564133    
  0.6685635    
  0.6504697    
  0.3789517    
  0.1613124    
  0.1934329    
 -0.1382660    
 -0.3104227    
 -8.4693842E-02
  9.9318266E-02
 -7.9681441E-02
 -0.2215144    
 -7.5644247E-02
 -0.1205961    
 -3.1485207E-02
  0.1908948    
  0.2083571    
 -3.6796983E-02
  8.5444108E-02
  1.4965557E-02
 -0.1617205    
 -5.5286080E-02
  0.2208970    
  0.9051604    
   1.230900    
   1.251705    
   1.454114    
   1.396927    
  0.9446423    
  0.8258297    
   1.012868    
  0.7662822    
  0.4514855    
  0.4919634    
  0.4165494    
  0.1114061    
 -5.9278175E-02
 -0.2250415    
  0.1580809    
  0.2052037    
 -2.9137783E-02
 -7.8411654E-02
 -0.3930877    
 -0.3599949    
 -0.4928443    
 -0.5266398    
  0.3938999    
  0.9849852    
  0.5247096    
  0.3739957    
  0.1880024    
  0.7019181    
  0.5772510    
  0.4747322    
  0.3065781    
 -0.1185052    
  8.1676796E-02
  0.3809989    
  0.3164517    
  0.8558693    
  0.7995420    
  0.6270521    
  0.7793406    
  0.6407809    
  0.4482190    
  0.2918183    
  0.5068262    
  0.5128336    
  0.6281028    
  0.9357950    
  0.6857696    
  0.5839756    
  0.5341864    
  0.7318059    
  0.6806009    
  0.6789313    
  0.7366449    
  0.5370693    
  0.5657516    
  0.2671062    
  5.4959461E-02
 -0.2048397    
 -0.3084890    
 -0.4109813    
 -0.5183607    
 -0.6503555    
 -0.5187699    
 -0.9139945    
 -0.5629246    
 -0.3859518    
 -0.7052297    
  -1.085941    
 -0.9807543    
 -0.6553657    
 -0.4758855    
 -0.8563651    
 -0.9010967    
 -0.9859827    
  -1.089715    
  -1.272590    
  -1.086192    
 -0.9339079    
 -0.8919619    
 -0.8757080    
  -1.237298    
  -1.177751    
 -0.9193114    
 -0.7734925    
 -0.7664300    
  -1.062285    
 -0.8407710    
 -0.9483722    
 -0.7192556    
 -0.5959616    
 -0.6869973    
 -0.8763307    
 -0.7406633    
 -0.7893472    
 -0.7807503    
 -0.5360721    
 -0.2798283    
 -0.1610815    
 -8.2053961E-03
  0.2160856    
  2.2494255E-02
 -9.7939715E-02
  0.1641693    
  0.4486373    
  0.1873763    
  9.1138683E-02
 -0.1643913    
 -0.2614091    
  2.4531420E-02
 -6.7523934E-02
 -7.7736638E-02
 -0.3860891    
 -0.4502321    
 -0.7533978    
 -0.6472593    
 -0.8399572    
 -0.6352455    
 -0.6012400    
 -0.4243744    
  7.8944348E-02
  0.3119766    
  0.3384513    
  0.2047323    
  0.4515617    
  0.4026035    
  0.2458731    
  0.1185484    
 -5.0373718E-02
  0.1461737    
  0.5940323    
  0.4312335    
  0.3570116    
  2.3564508E-02
 -0.4162265    
 -0.3833483    
 -0.2081403    
  2.3999050E-02
  0.1637589    
 -0.1315126    
 -5.8848098E-02
  2.3122923E-02
  0.2089792    
  0.1826861    
 -0.2476040    
 -0.2386877    
 -0.1131826    
 -0.2819310    
 -0.4932624    
 -0.4934724    
 -8.9796588E-02
 -0.3071283    
 -0.3390792    
 -0.3758973    
 -0.2302661    
  0.3343282    
  0.7074668    
  0.7984167    
  0.5860259    
  0.6696138    
  0.5659236    
  0.4884385    
  0.2711631    
  0.8187364    
  0.3600217    
  0.2704923    
  0.4707477    
  0.4836657    
  0.2076013    
  0.3569271    
  0.2162432    
 -0.1829959    
 -0.1376427    
 -0.1259360    
 -3.0320657E-02
 -5.5761930E-02
 -0.4972479    
 -0.3921540    
 -0.4940862    
 -0.9893179    
  -1.062078    
  -1.161356    
  -1.273236    
  -1.348852    
  -1.263343    
 -0.9591612    
 -0.9086207    
 -0.7248702    
 -0.4252603    
 -0.6327857    
 -0.3680911    
  4.3767277E-02
 -0.2717115    
 -0.5481359    
 -0.4768693    
 -0.3801210    
 -0.3867784    
 -0.4766023    
 -0.6478366    
 -0.4366349    
 -0.6456882    
 -0.8765613    
 -0.8013031    
 -0.6875412    
 -0.3523636    
 -0.4929477    
 -0.8085774    
 -0.8116266    
 -0.6439852    
 -0.5024692    
 -0.4072814    
 -0.6764555    
 -0.7719444    
 -0.4019401    
 -0.3722022    
 -0.3672097    
 -0.6465904    
 -0.5946260    
 -0.6331564    
 -0.5306839    
 -0.2789634    
  0.2013610    
 -0.1302864    
 -0.3210637    
 -7.6968418E-03
  0.3714142    
  0.5111607    
  0.2735381    
  7.2861806E-02
 -3.6241014E-02
 -0.2942698    
 -0.3440910    
 -0.2729139    
 -0.2619130    
 -9.8237000E-02
 -0.1613033    
 -0.3299384    
 -0.2432431    
  5.4503795E-02
  0.2446798    
  0.6488563    
  0.4229682    
 -0.1216677    
 -0.4908302    
 -0.2867849    
  3.5819322E-02
 -0.1135771    
 -1.8114744E-02
 -0.2539572    
 -0.2150362    
 -0.3713244    
 -0.2082156    
 -0.3707610    
 -0.1563143    
 -0.3162180    
 -0.4072070    
 -0.1264380    
 -0.1055432    
 -0.2717443    
 -0.2075552    
 -0.1532996    
 -0.4007927    
 -4.9241155E-02
  0.5722260    
 -7.0675515E-02
 -9.1063507E-02
  2.5595522E-02
 -5.0668497E-02
 -9.9036127E-02
 -0.1380070    
 -0.2897281    
 -0.2120568    
 -0.1452186    
  0.1395857    
  0.3610654    
  0.1789688    
 -7.2669700E-02
  0.2760403    
  0.3287096    
  0.4067533    
  0.4033817    
  0.2430452    
  0.2284045    
  0.3136966    
  0.4479983    
  0.7016813    
  0.8949937    
  0.7038550    
  0.3973948    
  0.3389822    
  0.3169165    
  0.4389957    
  0.4187534    
  6.9748215E-02
 -0.2031101    
 -0.2919318    
 -0.5364421    
 -0.2810438    
 -0.2453350    
 -0.5097448    
 -0.4043633    
 -0.5665557    
 -0.6235362    
 -0.2333280    
 -8.5677683E-02
  0.2147360    
  0.1182246    
 -6.6938303E-02
 -9.6634366E-02
  5.8360505E-03
  1.1301568E-02
 -7.0677981E-02
 -0.1581844    
 -0.2464948    
 -0.1668978    
 -4.3440731E-03
  0.5626292    
  0.3946625    
  0.1904353    
  0.1043671    
  0.2637827    
  0.4255661    
  0.3020564    
  0.5216041    
 -3.3145979E-02
 -0.5256748    
 -0.2121374    
 -7.9916939E-02
 -2.1002859E-02
  1.3915813E-02
 -5.2561574E-02
 -0.1102405    
 -0.3558993    
 -0.4611707    
 -0.5614714    
 -0.3104843    
 -0.3049299    
 -0.3156439    
 -0.1843966    
 -0.2049593    
 -9.4579548E-02
 -0.2608294    
 -0.1598352    
 -0.1595557    
 -0.3143031    
 -0.2216274    
  0.2857127    
  0.3672564    
  0.4363518    
 -6.6435657E-02
 -0.4706008    
 -0.4537308    
 -0.3298429    
 -0.3346334    
 -0.3257727    
 -0.4063265    
 -0.4286496    
 -0.2463117    
 -0.5184223    
 -0.3601498    
  8.9549096E-03
  4.9351614E-02
 -1.2720853E-02
  3.2260776E-02
  0.2171891    
  1.3043435E-03
  0.5104047    
  0.2153497    
 -3.1791799E-02
  0.1675965    
  0.2128494    
  0.1943694    
  1.4461596E-02
  0.1128087    
  4.5286719E-02
  9.1612883E-02
  1.0883829E-02
 -0.2191657    
 -0.4391792    
 -0.3368355    
 -0.6395378    
 -0.6466690    
 -0.7950230    
 -0.4261449    
 -5.2728467E-02
 -3.2302942E-02
 -7.5691029E-02
 -0.2856780    
 -0.4164073    
 -0.4458382    
 -0.3448189    
 -0.5371439    
  0.2424124    
 -0.1436464    
 -0.2499603    
 -0.3693224    
 -0.1246975    
 -9.5865294E-02
 -0.4358874    
 -0.4546756    
 -0.4057984    
 -0.3429636    
 -0.3206840    
 -0.3203125    
 -0.6969736    
 -0.7251664    
 -0.5283572    
 -8.6495332E-02
  0.1214367    
  1.9209318E-02
  7.1183078E-02
  0.3277772    
  0.1248911    
  0.1015511    
  6.9417723E-02
  1.9228533E-02
  0.4147857    
  0.2721356    
  0.1836919    
  0.7359061    
  0.5996339    
  0.4644406    
  0.2508357    
 -3.9581157E-02
  0.1785257    
 -5.3961948E-02
 -7.3732315E-03
 -0.1522833    
 -0.1398001    
 -0.1081008    
  0.2117086    
  0.3812636    
  0.2493854    
  0.1418381    
  0.2793823    
  0.5016278    
  0.5641727    
  0.2905073    
  0.1903421    
  9.1354854E-02
  0.2202764    
  0.4071592    
  0.4138510    
  0.7362630    
  0.7740836    
  0.5046120    
  0.7661855    
  0.7207552    
  0.6370616    
  0.9299001    
  0.6146648    
  0.3844156    
  0.8634356    
  0.6289864    
  0.6042377    
  7.0732072E-02
 -0.1138677    
 -0.3261191    
 -0.4785569    
 -0.2448312    
 -0.2072129    
 -0.1144239    
  1.5072132E-04
  0.4191775    
  0.4844309    
  0.2524281    
 -0.1981529    
 -0.1260710    
 -3.8573407E-02
 -7.8894898E-02
 -0.6391588    
 -0.8084459    
 -0.6581726    
 -0.6819836    
 -0.7494278    
 -0.5666904    
 -0.1850726    
  9.5079094E-03
  6.5672018E-02
 -0.1923473    
 -0.7344800    
 -0.4194632    
 -0.4405042    
 -0.2788755    
 -0.2554722    
 -0.1437109    
 -0.3124630    
 -0.2587907    
 -2.8991479E-02
  0.2127819    
 -0.3437664    
 -0.7342629    
 -0.9328055    
 -0.6205600    
 -0.5312306    
 -0.3557559    
 -0.2929822    
  4.2838298E-02
 -8.3437659E-02
  0.6782987    
  0.1672255    
  0.1397429    
 -0.1212698    
 -0.3686383    
 -0.5543526    
 -0.4768106    
 -0.1918042    
 -0.3507009    
 -0.5764047    
 -0.3810163    
  4.4457547E-02
 -0.3746974    
 -0.2717388    
 -0.2688300    
 -0.3186357    
 -0.4000473    
 -0.3501628    
 -0.3955999    
 -0.4373122    
 -0.5328152    
 -0.3092476    
 -6.7326769E-02
  1.3712970E-02
  0.1620082    
  0.4768219    
  0.1605383    
 -3.8763173E-02
 -0.3669263    
 -0.8687073    
  -1.294677    
  -1.136837    
  -1.109326    
 -0.9497703    
 -0.4573838    
 -0.3001037    
 -0.5498564    
 -0.5861280    
 -0.4959348    
 -0.4766320    
 -0.5557864    
 -0.1418673    
 -2.2219306E-02
  5.1678453E-02
  1.5346344E-02
 -5.7945739E-02
  0.1264171    
  7.5996667E-02
  4.2228926E-02
 -0.3640068    
 -0.4645748    
 -0.3249379    
 -0.3562123    
 -0.1665815    
  8.6868294E-02
  0.2355440    
  0.3611341    
  0.1210337    
  0.2118639    
 -0.1898549    
  1.5442334E-02
 -0.1746420    
  3.4817275E-02
  0.2315838    
  0.1569677    
 -8.1537841E-03
 -0.1702127    
 -0.4794694    
 -0.4858392    
 -0.6060123    
 -0.8439249    
 -0.5331371    
  4.6305832E-02
  0.1679439    
 -0.3160163    
 -0.5454863    
 -0.3947086    
 -0.3119415    
  5.6531388E-02
  0.1297432    
  2.4296779E-02
 -0.2094929    
 -0.2647055    
 -3.6195428E-03
 -0.2636387    
 -0.4380114    
 -0.2627261    
  4.9514961E-03
 -0.2102713    
 -3.6820497E-02
 -3.7976455E-02
  6.2390052E-02
 -0.1371102    
 -1.9327838E-02
  0.2214914    
  0.2254186    
  0.2762886    
  7.0262037E-02
  0.3501459    
  0.2245479    
  0.2123090    
  0.2157141    
 -8.7208092E-02
 -0.3940710    
 -0.2334287    
  0.2134720    
  8.7644391E-02
 -0.2154129    
 -0.3978050    
 -0.3534759    
 -0.1794420    
 -0.3367690    
  0.2700265    
  0.5278289    
  0.5554584    
  0.7556103    
  0.7838283    
  0.4544587    
  0.1899515    
  0.1086280    
  0.1714997    
  0.5573196    
  0.2035477    
  0.2098019    
  6.4880937E-02
 -0.2083308    
 -0.5993555    
 -0.9641256    
 -0.6798046    
 -0.4833499    
 -0.8168381    
 -0.6720237    
 -0.7191911    
 -0.6160133    
  7.8876629E-02
 -2.0091752E-02
 -0.2327999    
  1.4335841E-02
  0.2563888    
  0.4431050    
  0.5826377    
  0.3734616    
  0.1146856    
 -0.1968054    
 -0.1616836    
  0.1907864    
 -3.0188480E-02
  0.1074200    
  0.3608514    
  0.1081285    
  7.1247205E-02
  0.3051911    
 -9.3277320E-02
 -0.1225492    
 -0.2239859    
  0.1506366    
  0.1850239    
  0.2938954    
 -2.1237791E-02
 -4.1028030E-02
 -1.9158216E-02
 -0.4206069    
 -0.3233681    
 -0.2077716    
 -0.2422671    
 -0.4546606    
 -0.2566625    
 -0.4222891    
 -3.6260467E-02
 -0.1539191    
 -9.6282639E-02
  6.4967580E-02
  1.6355542E-02
 -0.1182965    
  2.3660685E-03
  0.1985284    
 -2.3821229E-02
 -0.2203054    
 -0.2461362    
  8.1111416E-02
 -3.7161276E-02
 -0.5926670    
 -0.7327551    
 -0.7159425    
 -0.3839732    
 -0.2553576    
 -0.5522457    
 -0.5624536    
 -0.2874240    
 -0.2848518    
 -0.6124966    
 -0.5725219    
 -0.2377353    
  0.2045098    
 -5.0501555E-02
 -8.2500398E-02
  1.2415655E-02
  0.2263795    
 -0.3047215    
 -0.3324436    
 -0.3804545    
 -0.3403698    
 -0.4324596    
 -2.0065552E-02
  0.2983910    
  0.3568365    
  0.4075315    
  0.3304577    
 -0.2708444    
 -0.8195885    
 -0.7629995    
  -1.021173    
 -0.8938662    
 -0.7526684    
 -0.8818327    
 -0.3520177    
 -0.2820173    
  0.1156813    
 -0.1479567    
  1.8617461E-02
 -0.3680496    
 -0.4060323    
 -0.2232568    
  0.3457428    
  0.3282130    
  0.1941488    
  0.1856790    
  0.1224702    
  0.2239843    
  0.3758147    
  0.4067560    
  0.2197929    
  3.3672195E-02
 -0.2974924    
 -5.7155669E-02
  8.8594839E-02
  0.1815930    
  0.2387077    
  0.4352410    
  0.3595656    
  1.3414629E-02
  0.2190963    
  0.2384901    
  2.2062387E-02
 -0.1492203    
 -5.2346930E-02
 -4.5612928E-02
 -0.3227495    
 -0.4172054    
 -0.3592199    
 -0.2245584    
 -0.4190329    
 -0.1027422    
 -7.3927906E-03
  6.5076262E-02
  0.3484471    
 -0.3159098    
 -0.8172144    
 -0.9164048    
 -0.7084575    
 -0.3992024    
 -0.2188064    
 -0.4542471    
 -0.5830143    
 -0.3047231    
 -0.4117424    
 -0.1202700    
 -7.2137728E-02
  2.7359800E-02
 -0.2023532    
 -0.1917916    
 -2.8645448E-02
  3.0243758E-04
  0.2095631    
  0.1879890    
  0.3825195    
  0.9250053    
  0.6553193    
  0.1305598    
 -5.5916801E-02
  0.1446755    
  0.2748942    
  0.1170055    
  0.2565683    
  5.5389624E-02
 -9.1295764E-02
 -5.4541059E-02
 -4.5930140E-02
  1.4032071E-02
 -8.8585354E-03
 -0.4173985    
 -0.4748134    
 -0.2453264    
  0.1170637    
  0.2627127    
  0.2458354    
  0.2296852    
  0.1445935    
  6.5832771E-02
  0.1140687    
  0.3749724    
  8.5334040E-02
 -0.1067166    
  0.1767910    
  8.6731166E-02
 -0.3731562    
 -0.3601723    
 -0.2370980    
 -0.1456711    
 -0.2315766    
 -0.2492774    
 -9.4411299E-02
  4.9840651E-02
 -0.1329596    
  0.1287491    
  7.2442390E-02
 -0.2939765    
 -9.4390497E-02
  0.1251301    
  0.1180552    
  0.1789115    
  0.2253271    
  0.1935633    
  0.2269707    
  0.2288414    
  0.3205116    
  0.3592539    
  0.2722359    
 -0.1777532    
 -8.1121944E-02
  0.1843123    
  0.2410316    
  0.3606889    
  0.6374853    
  0.6203399    
  0.3485364    
  0.1495350    
  0.2933770    
  0.3290518    
  0.2283901    
  0.5738592    
  0.7033762    
  0.9381107    
  0.8448851    
  0.6955634    
  0.2847818    
  0.3297752    
  0.4479242    
  0.4214253    
  0.4431073    
  0.1656725    
  5.0844783E-03
 -0.3078314    
 -0.2376851    
 -0.4430525    
 -0.2259708    
 -0.3166547    
 -0.2038913    
 -0.2895758    
  2.4145668E-02
  4.0925439E-02
 -0.3188482    
 -0.2979733    
  0.2229548    
  0.1522304    
 -0.7794579    
 -0.5812703    
 -0.3799098    
 -0.1652302    
  9.3474449E-04
 -0.1354941    
 -0.1459647    
 -0.4588615    
 -4.4659890E-02
 -0.2655107    
 -0.3993933    
 -0.1053954    
 -0.1647766    
  0.1937946    
  0.6606619    
  0.5274736    
  0.1112030    
  8.3807576E-03
  0.2111599    
  0.3049644    
  0.1586633    
  0.4600135    
  0.4680223    
  0.3919673    
  0.4497999    
  0.5603866    
  0.8353169    
  0.5145785    
  5.9808280E-02
 -3.9968431E-02
  2.9095899E-02
  0.1453798    
 -0.4092048    
 -0.1509465    
 -0.1059339    
 -0.4563414    
 -0.1544812    
  8.2151264E-02
  8.0076478E-02
 -5.8073949E-02
 -0.2019859    
 -6.3840836E-02
 -6.9712803E-02
  0.3387137    
  0.6091190    
  3.1844169E-02
  3.5073652E-03
 -9.0076104E-02
 -0.2114190    
 -2.5728999E-02
  0.2387843    
  0.5231478    
  0.3867119    
 -3.3844516E-02
  0.2814505    
  0.6339461    
  0.7505816    
   1.034429    
  0.7153714    
  0.1123966    
 -9.4642848E-02
 -0.1846727    
  3.5534736E-02
 -9.4808899E-02
 -0.1848570    
  3.7955593E-02
 -5.2514102E-02
  9.1453522E-02
  0.5087708    
  0.2360573    
  0.2847597    
  0.4943940    
  0.5154186    
  0.4972873    
  0.2871230    
  0.1484474    
  0.2372138    
  0.4967918    
  0.2813031    
  0.2425481    
  0.5146175    
  0.3597626    
  0.2880287    
  0.2898730    
  0.4061914    
  0.3958235    
  0.5760331    
  0.5823669    
  0.4013330    
  0.1989601    
  0.3862667    
  0.3691319    
  0.4686632    
  0.2538631    
  2.1678632E-02
 -0.1257752    
  2.4351748E-02
  4.9892902E-02
  0.1748029    
  1.8972792E-02
 -0.3365106    
 -0.5404446    
 -0.4634400    
  7.4269116E-02
 -0.1759993    
 -0.1325618    
 -0.3000663    
 -0.2435264    
 -0.3213832    
 -0.4541541    
 -0.2076833    
  0.1332848    
 -0.1225427    
 -0.3968590    
 -0.5908666    
 -0.3768013    
 -0.2802579    
 -0.1891530    
  7.7019416E-02
  0.1874885    
 -7.5498506E-02
 -9.6178405E-02
 -9.6410111E-02
  7.4965090E-02
 -0.1501859    
 -0.2133090    
 -3.4553226E-02
 -8.3094254E-02
  0.1897459    
  0.2593555    
  0.5910958    
  0.7672795    
  0.5104667    
 -5.0454894E-03
 -1.6108921E-02
  3.9631307E-02
  0.1871694    
  0.2729254    
  0.6684606    
  0.4017580    
  0.1359886    
  0.2630815    
  2.6072321E-02
  4.2673759E-02
 -0.2018469    
  1.7465131E-02
  6.7434877E-02
  1.0378154E-02
  0.2125485    
 -8.1088871E-02
  9.7022206E-02
 -0.1587036    
 -0.3483494    
  2.4373988E-02
 -3.1693298E-02
 -0.3304083    
 -0.9626989    
  -1.002112    
 -0.5610594    
 -0.4197594    
 -0.4291615    
 -0.3927287    
 -0.2131506    
  0.2907678    
  0.8097812    
  0.1855738    
  0.1957184    
  6.4538270E-02
  0.1364132    
  0.2385939    
  0.6035871    
  0.9501513    
  0.5530388    
  9.9460475E-02
  0.2152170    
  0.2745396    
  0.1107486    
  6.5820776E-02
 -8.2828857E-02
  3.7078843E-02
 -5.2443907E-02
  3.7452109E-02
  0.1826742    
  0.1107624    
 -2.8980935E-02
 -0.1413032    
 -8.7035917E-02
  7.1055286E-02
  0.3103703    
  0.1564229    
  9.2286142E-03
  3.5392679E-02
 -0.2220306    
 -0.5120453    
 -0.7575690    
  -1.197471    
 -0.8680494    
 -0.5917557    
 -0.8013939    
 -0.5529795    
 -8.3624333E-02
 -0.2092246    
 -0.3137329    
 -0.2812751    
 -0.3082105    
 -0.2568524    
 -0.2536108    
 -0.1332005    
 -5.2566770E-02
 -4.1247699E-02
 -4.4974428E-02
 -5.6897365E-02
 -0.2155972    
  0.3704666    
  0.1702333    
 -0.1908189    
 -0.4896236    
  6.7377321E-02
  0.3938137    
  0.2375066    
  0.1663806    
  0.1241199    
  0.2909741    
  0.1961857    
  0.9574068    
  0.6436120    
  0.3458976    
 -0.1349377    
 -0.2768103    
  0.1090712    
  0.3216370    
  0.2600264    
  0.3684297    
  5.9360031E-02
 -9.1134354E-02
  0.2510236    
  0.5162042    
  0.3713069    
  9.5083602E-02
 -0.1985113    
  0.3395940    
  0.9521070    
  0.7998762    
  0.6846823    
  0.6319768    
  0.9180772    
  0.9272378    
  0.6361328    
  0.8188674    
  0.9301955    
  0.9626021    
  0.8085022    
  0.7589841    
   1.077085    
  0.9452890    
  0.8746924    
  0.8607303    
  0.7472617    
  0.8330870    
  0.9350821    
  0.9491795    
   1.134291    
  0.8464793    
  0.8566496    
  0.8534331    
  0.9937383    
   1.141559    
  0.8880884    
  0.5510396    
  0.1541240    
 -8.7599397E-02
 -0.1721794    
 -0.1674420    
 -0.2013446    
 -0.1106583    
 -0.1693732    
  3.3398349E-02
  3.6158349E-02
  0.2029033    
  0.3044268    
  0.1924810    
 -4.7812544E-02
 -0.2255240    
 -8.2845069E-02
  0.7039465    
  0.5291099    
  0.1953155    
  0.3573278    
  0.5245407    
 -5.5869941E-02
 -0.1446781    
  8.4864415E-02
  3.8064104E-02
  0.1601568    
 -0.1993858    
 -0.2304561    
  0.3452871    
  0.2402310    
  0.1611513    
  2.0736253E-02
 -0.3196858    
 -0.4795845    
 -0.6181951    
 -0.6201221    
 -0.5664682    
 -0.4152815    
 -0.4976343    
 -0.1575485    
  0.5021444    
  0.4383336    
  0.3922828    
  4.6158455E-02
 -0.1959901    
