  0.1884124    
  0.2733286    
  3.4975573E-02
  4.4871286E-02
  4.7297746E-02
  0.6741779    
  0.5371480    
  0.5953432    
  0.7384603    
  0.5990184    
  0.7843753    
  0.8864592    
  0.6850916    
  0.7075784    
  0.9007454    
   1.663804    
   1.857456    
  0.4756039    
 -8.7110713E-02
 -0.1189749    
 -0.5954984    
 -0.6656896    
 -0.9070124    
 -0.8075781    
 -0.6329961    
 -0.3789472    
 -0.4061398    
 -0.3971708    
  4.2538196E-02
  0.4168231    
  0.5351472    
  0.4043059    
  0.2875388    
 -1.3657575E-02
 -0.1479995    
 -0.2147802    
 -7.0374750E-02
  0.4392454    
  0.3193128    
  0.5580552    
  0.8027416    
  0.8985888    
  0.7918066    
  0.7876784    
   1.031720    
  0.9313920    
  0.7628039    
  0.8867979    
  0.7972702    
  0.4247306    
  0.5346270    
   1.331363    
   1.550206    
  0.5920456    
  9.4068713E-02
 -7.5960666E-02
  0.1279358    
  0.1404950    
 -0.1991379    
 -0.2781688    
 -0.2480174    
 -0.3806119    
 -0.1517912    
 -0.1710024    
  0.1825573    
  0.5934179    
  0.5368158    
  0.4734604    
  0.4307278    
  0.5906209    
  0.3656891    
  0.6683682    
  0.8524642    
  0.9093503    
  0.8734604    
   1.082861    
   1.002943    
  0.9784228    
  0.7873895    
  0.5078340    
  0.3642353    
  7.4318349E-02
 -9.0862863E-02
 -0.2390295    
 -0.1752373    
 -0.1704708    
 -0.3229860    
 -0.3119455    
 -0.5952445    
 -0.3647795    
 -0.4632204    
 -0.8602778    
 -0.9813305    
  -1.136692    
  -1.140480    
  -1.364275    
  -1.307309    
 -0.8031655    
 -0.9781342    
 -0.6028467    
 -0.7994848    
 -0.1160558    
  0.2081241    
  0.3411060    
  4.2738322E-02
 -0.1220232    
 -0.5503885    
 -0.4154981    
 -7.8364223E-02
 -0.1123121    
 -0.3569314    
 -0.2974774    
 -0.2114167    
  6.1874785E-02
  0.2951853    
  0.3040795    
  0.2548231    
  0.1092623    
  1.3941072E-02
  5.5134080E-02
  0.3335550    
 -1.2769054E-02
 -0.9909006    
 -0.6649848    
  0.1666648    
  0.4988625    
  0.5253500    
  0.4292567    
  0.2255380    
  0.5452799    
  0.5031504    
  0.2761632    
  0.5803181    
  0.6082087    
  0.7418931    
  0.9898292    
  0.5345132    
  0.4649683    
  0.3411954    
  6.4261109E-02
  0.2314078    
  0.2048348    
  0.1123742    
  0.2159485    
 -0.5645456    
  -1.010877    
 -0.8274748    
 -2.3760479E-02
 -0.3343462    
 -0.6944117    
 -0.7402326    
 -0.6225363    
 -0.6507505    
 -0.6748255    
 -0.6867346    
 -0.7911481    
 -0.5138198    
 -0.9384256    
 -0.8095785    
 -0.5886185    
 -0.1544812    
  4.9162574E-02
  0.2112121    
  0.3081542    
  0.3600580    
  0.6377105    
  0.2893190    
  0.3135814    
  0.2859684    
  0.2389083    
  6.8844622E-03
 -0.2718757    
 -4.3807771E-02
 -0.2064234    
 -0.1183302    
 -0.2412413    
 -0.1863976    
 -0.3588871    
 -0.4441866    
 -0.3190319    
  0.1101908    
  0.3116126    
  0.5852942    
  0.4706592    
  0.4484222    
  0.2063255    
  0.2446103    
  0.4214898    
  0.1491207    
 -0.3447106    
 -0.6587201    
 -0.6313758    
 -0.2280091    
 -0.7239951    
  -1.062711    
  -1.251014    
 -0.7206105    
 -0.6392331    
 -0.3546060    
 -0.3133936    
 -0.3940134    
 -0.3877777    
 -0.3498751    
 -0.3131697    
 -0.2587413    
 -0.2455478    
 -0.2688510    
  0.3243892    
 -2.3175096E-02
  9.7042508E-02
  0.2594877    
  0.4137954    
  0.5909709    
  0.3686617    
  0.1961405    
  7.5228482E-02
  0.4424842    
  0.6988850    
  0.7213785    
  0.5709214    
 -6.5351330E-02
 -0.4325021    
 -0.6892915    
 -0.9091861    
  -1.100617    
  -1.083100    
  -1.165412    
  -1.133717    
 -0.9953374    
  -1.085773    
 -0.9716161    
 -0.8106108    
 -0.9684480    
  0.1864566    
  0.3461117    
  0.3986710    
  0.3518727    
  0.3588809    
  0.1982909    
  0.3528153    
  0.3513303    
  8.2299234E-03
 -0.4518535    
 -5.0972146E-03
  0.8498554    
  0.9729864    
  0.8957915    
  0.6843458    
  0.6923795    
  0.5975513    
  0.2193845    
  2.1344479E-02
  0.2211757    
  0.4942554    
  0.4659400    
 -0.1220391    
 -5.2706394E-02
 -9.1301739E-02
 -0.1992965    
 -0.2597022    
 -0.3487831    
 -0.4881890    
 -0.7089382    
 -0.7630457    
 -0.7066228    
  2.3506570E-03
 -1.0103044E-03
 -6.7071982E-02
 -6.5934762E-02
 -2.3095058E-03
  0.2300574    
  0.4737668    
  0.5548680    
  0.3745235    
  0.4438627    
  0.2996525    
  0.3383403    
 -0.1534671    
 -2.2000981E-02
 -0.1713912    
  0.1960616    
  0.3561172    
  0.6268740    
  0.5253848    
  0.3087735    
  0.2690516    
 -2.9343965E-02
 -3.4517080E-02
 -3.9871555E-02
 -0.2881415    
 -0.8878914    
 -0.5003600    
 -0.6410400    
 -0.5617188    
 -0.4099233    
 -5.3174246E-02
 -0.1858710    
 -0.2058432    
 -0.5199962    
 -0.4421497    
 -0.2041033    
 -2.5113266E-02
  5.5335380E-02
  5.9223805E-02
  0.4100585    
  0.2972659    
  0.1240686    
  0.2108939    
  0.3956724    
  0.1635484    
 -4.8868716E-02
 -0.1625860    
  0.1078084    
  0.1459539    
 -1.9954268E-02
 -0.2988381    
 -0.1774414    
 -0.2022904    
 -0.3253461    
 -0.5485361    
 -0.5918840    
 -0.8237744    
 -0.8522869    
  -1.107786    
 -0.7690249    
 -0.6395187    
 -0.3362263    
  0.1827197    
 -0.2006603    
  0.2988385    
  0.2577365    
  0.4730393    
  0.4593703    
  0.5705132    
  0.8082851    
  0.9747481    
  0.8835350    
   1.191311    
   1.515667    
   1.926658    
   1.840883    
  0.5105361    
  0.2255888    
  0.3381657    
  0.4701069    
 -8.7003218E-04
 -2.1719079E-02
  0.2845387    
  0.4316218    
  0.3685691    
  0.4191568    
 -4.1707810E-02
 -0.3539203    
 -0.6326202    
 -0.4435646    
 -0.1329007    
  1.4941279E-02
 -5.4947766E-03
 -0.1678410    
  0.1332486    
  0.3767141    
  0.2477601    
  0.4947534    
  0.5395598    
  0.9546444    
   1.133023    
  0.9420789    
  0.9223999    
   1.000109    
   1.457588    
   1.383202    
   1.378008    
   1.427433    
   1.747270    
   1.746045    
   1.454589    
   1.881877    
   1.645947    
  0.9563851    
  0.2692551    
  0.1783065    
 -0.3987518    
 -0.4571669    
 -0.4044246    
 -0.6871383    
  -1.186167    
  -1.091407    
 -0.5653085    
 -0.5574419    
 -0.2407503    
  8.3012775E-02
  3.1857274E-02
  0.1382078    
  0.2216146    
  0.1062849    
 -9.2470065E-02
 -1.9494219E-02
 -0.2551174    
 -7.9568230E-02
  0.9314924    
  0.9922341    
   1.092859    
   1.299416    
  0.9562877    
   1.132967    
  0.9353915    
   1.177874    
   1.394273    
  0.9995907    
   1.307489    
   1.113744    
   1.271005    
  0.6664637    
  0.2015933    
 -0.3448566    
 -0.5475972    
 -0.4755313    
 -0.6094358    
 -0.6490864    
 -0.9333050    
 -0.6071003    
 -0.8167538    
 -0.3330032    
 -0.4141324    
  -1.091808    
 -0.8308284    
 -0.6271279    
 -0.6562322    
 -0.3559766    
 -0.5926157    
 -0.8086996    
 -0.9882172    
 -0.8662299    
 -0.7019762    
 -0.4754184    
 -0.4222064    
  0.1352886    
  0.6972049    
  0.7317920    
  0.6833621    
  0.7619264    
  0.7540407    
  0.8679634    
  0.9348887    
  0.8799235    
  0.9971005    
  0.9337935    
   1.136809    
   1.212524    
  0.3421176    
 -1.0125271E-02
  0.1047827    
  0.3625973    
  0.3527245    
  0.3623834    
  0.2513419    
  0.1540033    
  0.1723212    
 -2.1907846E-02
  2.3891956E-02
  0.2944925    
 -0.3016832    
 -0.5486559    
 -0.4852068    
 -0.4687479    
 -0.2892508    
 -0.4226365    
 -0.4729091    
 -0.4231334    
 -0.4031324    
 -0.1206721    
  2.4784269E-02
  5.1831664E-03
  0.3067771    
  0.6476275    
  0.9652240    
  0.8344309    
  0.6010229    
  0.4981217    
  0.5840095    
  0.4514571    
  0.5282114    
  0.8098371    
  0.5908408    
  0.2936169    
  0.1993809    
 -7.2542749E-02
 -0.2546229    
 -0.2684038    
 -0.2302741    
 -6.2523574E-02
  0.2832494    
  0.3179007    
  4.4086803E-02
 -0.1008872    
 -6.4231172E-02
  1.3820536E-02
 -0.9143560    
 -0.8447842    
 -0.7974256    
  -1.020252    
  -1.087799    
  -1.206279    
  -1.206133    
 -0.9938383    
  -1.054894    
  -1.105547    
  -1.098431    
 -0.9210903    
  -1.111695    
 -0.8680345    
 -0.7603228    
 -0.8479418    
  -1.042129    
  -1.167463    
 -0.8921522    
 -0.4378951    
 -0.7654943    
 -0.7085849    
 -0.4853941    
  0.4331614    
  0.9047669    
   1.106106    
   1.225127    
   1.276192    
   1.015219    
   1.096642    
   1.255941    
   1.306938    
   1.984607    
   1.841462    
   1.614041    
  0.9366191    
  0.3840361    
  0.1263261    
  2.3992859E-02
  0.3860967    
  0.2099042    
  0.5342163    
  0.4001634    
 -0.2610697    
 -6.9665954E-02
  0.2319779    
 -6.6643499E-02
  0.1346491    
 -0.5543460    
 -0.7304837    
 -0.4573426    
 -0.4406376    
 -0.6875513    
 -0.8090594    
 -0.7578290    
  -1.130404    
  -1.074367    
  -1.525123    
  -1.708344    
  -1.533258    
 -0.5878958    
 -0.3885888    
 -0.2854535    
 -0.2843198    
 -0.5475370    
 -0.7711945    
 -0.9586838    
 -0.6353468    
 -0.1502378    
  0.5429636    
  0.1982007    
  8.2519971E-02
  0.3376240    
  0.4441615    
  0.5463016    
  0.5481074    
  0.6354561    
  0.5820353    
  0.5530065    
  0.7644190    
   1.025124    
  0.8823238    
  0.5618385    
 -0.4698457    
 -0.6340652    
 -0.5369642    
 -0.5080504    
 -0.8220859    
  -1.049290    
 -0.8410187    
  -1.058365    
  -1.154855    
  -1.145635    
 -0.9599720    
  -1.739194    
  -1.924206    
 -0.9743406    
 -0.9614909    
 -0.9133640    
 -0.9586651    
 -0.8857458    
  -1.089014    
  -1.063745    
 -0.9949871    
  -1.659979    
  -1.722602    
  -1.452814    
  -1.226871    
 -0.4963950    
 -0.1931123    
 -0.1770476    
 -0.3129299    
 -0.6115145    
 -0.8117983    
 -0.7596540    
 -0.1092409    
  0.3535661    
 -6.3175201E-02
 -0.2390920    
  0.3306212    
  0.7387612    
  0.8458229    
  0.8993348    
  0.8975810    
   1.029381    
   1.012154    
  0.8843594    
  0.7818701    
  0.7738346    
  0.7311650    
  0.9261717    
  0.9297597    
  0.6084633    
  0.4688644    
  0.3641885    
  0.1570481    
 -0.1782275    
 -0.2157035    
 -0.1548339    
 -0.3163440    
 -0.5362099    
 -0.1681654    
 -0.8580118    
 -0.8177941    
 -0.3783274    
 -0.3327009    
 -0.2028785    
 -0.3495570    
 -0.1660425    
 -0.2303933    
 -0.1789865    
 -0.2205120    
 -9.0604350E-02
 -0.4971187    
 -0.7404305    
 -0.2154877    
  0.4179917    
  0.5567260    
  0.6733466    
  0.7500821    
  0.8610471    
  0.8114002    
  0.7594330    
  0.8236252    
   1.031615    
   1.235614    
  0.9434858    
  0.7875009    
  2.1097740E-02
 -2.2753872E-02
 -0.3176612    
 -0.3660676    
  8.1165098E-02
 -5.5262912E-02
 -0.2511341    
 -0.4504324    
 -7.3231071E-02
  0.1585966    
  0.7993209    
  0.4761072    
 -0.4522833    
 -0.6729676    
 -0.6989946    
 -0.9388368    
  -1.281953    
  -1.213470    
  -1.635085    
  -1.801674    
  -1.606343    
  -1.435087    
 -0.9605415    
 -0.9519492    
 -0.3508532    
 -0.3566448    
 -0.1660940    
 -0.1914685    
 -0.1228871    
 -0.1579003    
 -0.1665341    
  0.1148889    
  0.2459287    
  0.2588006    
  0.1471170    
  0.5519710    
  0.7788232    
  0.8784035    
   1.037040    
  0.9637808    
  0.9459642    
  0.8767458    
  0.8947304    
  0.7806247    
   1.291772    
   1.193489    
  0.7207347    
  0.7766841    
  0.4139535    
 -2.2696974E-03
 -0.2483619    
  2.4468977E-02
  0.3761154    
   1.006736    
  0.6933860    
  2.2414101E-02
  0.1551508    
  0.2155157    
  0.3098463    
  0.4318597    
  0.2109671    
 -3.3145998E-02
  0.2379730    
 -1.7423011E-02
 -9.2624508E-02
 -0.1129015    
  0.1352833    
  0.1438024    
  0.3489752    
  0.6412014    
 -0.2359382    
 -0.2890077    
 -0.1768410    
 -0.1254491    
  0.1886816    
  0.1895037    
  0.2224324    
  0.2923530    
  0.3824786    
  0.4389760    
  0.2650712    
 -4.2622887E-02
  6.9857806E-02
  5.4793458E-02
  0.1627701    
 -0.3526710    
 -0.5473949    
 -0.6984807    
 -0.3619417    
 -0.2681448    
 -0.4472783    
 -0.4457177    
 -0.4348488    
  0.1746762    
 -0.3912907    
 -0.1096367    
 -0.3042315    
 -0.1992705    
 -0.1318849    
  0.1019372    
  0.2757090    
  0.6569074    
  0.5469909    
  0.5895776    
  0.6678950    
  0.3374284    
  0.9130353    
  0.3009973    
  0.1180130    
  9.0364970E-02
 -9.9699453E-02
 -0.2352396    
 -0.3906164    
 -0.3727674    
 -0.6417129    
 -0.6475343    
  -1.027411    
  -1.314603    
  -1.522006    
 -0.9642225    
 -0.9324816    
 -0.4345656    
 -0.2274083    
 -0.3824199    
 -0.2303776    
 -0.3758189    
 -0.2989419    
  0.2271821    
  0.2039649    
  0.2228105    
  0.5078960    
  0.4313037    
  0.5941536    
  0.6350382    
  0.3494724    
  9.7602814E-02
 -0.1200233    
 -0.3423669    
 -0.2988129    
 -0.7030698    
  -1.168757    
 -0.9462553    
 -0.7294378    
 -0.6318558    
 -0.3340835    
  0.1080649    
  0.2092295    
  0.2221476    
  0.4277280    
  0.2668230    
  0.2791817    
  0.6356159    
  0.7330519    
   1.106712    
   1.405047    
  0.4585553    
  0.4119166    
  0.4657596    
  0.5556742    
  0.4130128    
  0.2735640    
  6.7821763E-02
  0.2303509    
 -2.9852349E-02
  8.7138213E-02
 -1.0500373E-02
  0.1993495    
 -0.2416081    
 -0.1899148    
 -0.4233456    
 -0.9041101    
  -1.183907    
  -1.362718    
  -1.311910    
  -1.458840    
  -1.009203    
  -1.440982    
  -1.371796    
  -1.129741    
  -1.135760    
 -0.4484869    
 -0.4504652    
 -0.5513753    
 -0.8653591    
 -0.7023697    
 -0.7564089    
 -0.5075867    
 -0.5328693    
 -0.7951630    
 -0.6804521    
 -6.7360431E-02
  0.2243541    
  0.6639622    
  0.7875933    
  0.7206051    
  0.6929882    
  0.8736981    
  0.9847088    
   1.038576    
   1.444912    
   1.437362    
   1.421091    
   1.095141    
   1.137119    
 -0.3022207    
 -0.4972704    
 -0.8370855    
 -0.9319434    
  -1.180840    
  -1.253910    
  -1.262564    
  -1.604624    
  -1.697038    
  -1.585787    
  -1.428983    
  -1.595590    
  -1.248385    
 -0.9453408    
 -0.5330946    
 -6.7945510E-02
 -0.1022973    
 -0.1186642    
 -1.1105506E-02
  3.3545889E-02
  0.3849034    
  0.3671457    
  0.2537426    
 -0.1206916    
  5.6951199E-02
  0.3438231    
  0.7282574    
   1.219347    
   1.219258    
   1.208086    
   1.326889    
   1.303718    
  0.8069976    
  0.7849780    
  0.9473231    
 -0.2779583    
 -0.8490820    
  -1.066251    
  -1.065285    
 -0.9254194    
  -1.115240    
  -1.189394    
  -1.602685    
  -2.076437    
  -2.604706    
  -2.642836    
  -1.279335    
  -1.139973    
 -0.8073145    
 -0.5217109    
 -0.1436021    
  1.5795574E-02
  0.1045529    
  0.3900904    
  0.3059247    
 -0.1118994    
  0.4022576    
  0.4763950    
  0.3525710    
  0.4445904    
 -0.2146984    
 -0.1613401    
 -8.7132901E-02
  0.1738799    
  4.9680680E-02
  3.5415862E-02
 -6.6652983E-02
 -0.8791935    
  -1.118849    
  -1.109389    
  -1.262749    
  -1.085315    
 -0.4517491    
 -0.2328460    
 -0.1602564    
 -0.2497697    
 -0.1739838    
 -7.0094801E-03
 -0.2040470    
 -0.1816265    
 -0.7517543    
 -0.3680166    
 -0.5137225    
  0.2890252    
  0.9004396    
   1.226166    
   1.288000    
   1.040440    
   1.049040    
   1.153719    
   1.273384    
   1.569219    
   1.736894    
   1.810657    
   1.107521    
   1.015151    
 -0.1927659    
 -0.8123853    
 -0.8287709    
 -0.1514946    
 -9.4565652E-02
 -8.5310176E-02
 -1.8017225E-02
  3.3083372E-02
 -3.5414340E-03
 -0.3341281    
 -0.1734428    
 -0.1862174    
 -5.7130996E-02
  0.3486527    
  0.2668717    
  0.3339868    
  0.5054745    
  0.7620347    
  0.5676333    
  0.3017858    
  0.3034408    
  0.2939105    
 -0.2884009    
  9.5360633E-03
  0.1858662    
 -0.2601799    
 -0.2094009    
 -0.2270284    
 -6.3310708E-03
  0.1409222    
  6.1468348E-02
  4.2181760E-02
  0.2547198    
  0.5389332    
  0.3921283    
  0.5435284    
  0.8313935    
  0.7655566    
  0.7133453    
  0.5905082    
  0.9948010    
  0.7504401    
  0.9181829    
  0.9913276    
   1.266065    
   1.415280    
  0.6302715    
 -0.6349064    
  -1.186283    
 -0.9135680    
  -1.080084    
 -0.9124372    
 -0.5461226    
 -0.4070918    
 -0.3276468    
 -0.1882456    
  0.1487958    
  0.5844405    
  0.2706171    
  0.2076140    
  2.6368801E-02
 -0.3189701    
 -0.2660038    
 -0.3742611    
 -0.2260151    
 -0.2266533    
 -0.2235590    
 -0.8375697    
 -0.9044833    
  9.1129601E-02
 -0.9092231    
  -1.508971    
  -1.470845    
  -1.316108    
  -1.003867    
  -1.086282    
  -1.161387    
  -1.321657    
  -1.436713    
  -1.516612    
  -1.891744    
  -1.804545    
  -1.537145    
 -0.8925391    
 -0.4422623    
 -5.9007674E-02
 -0.1007482    
  0.1665636    
  0.1371847    
  0.2468910    
  0.3376261    
  0.2083477    
  0.2155704    
 -0.2425384    
 -0.3102168    
 -0.1872968    
 -0.4311028    
 -0.2602984    
 -8.4148958E-02
  6.1132669E-02
  0.2291996    
  0.2055515    
  0.2001251    
 -9.9504173E-02
 -0.3694217    
 -0.2845691    
 -0.1934970    
 -0.3439033    
  0.1845769    
  0.2628627    
  0.3507564    
 -0.1484999    
 -0.4785303    
 -0.1933132    
 -0.2087808    
 -9.9806450E-02
  1.7426301E-02
  5.8698761E-03
 -0.5589543    
 -0.6095074    
 -0.1620465    
  0.1429440    
  9.5699817E-02
 -1.9718308E-02
 -0.1882033    
 -0.2926044    
 -0.1951544    
 -0.2238886    
 -0.1133787    
 -2.5260774E-02
 -0.1387587    
  -1.074332    
 -0.4694503    
 -0.2309188    
 -0.1936732    
 -0.3436618    
 -0.5612639    
 -0.3021345    
 -0.1125817    
 -0.2670508    
 -0.5307752    
 -0.7564135    
 -0.9997537    
  0.2483827    
 -8.0288492E-02
  1.4013985E-02
  3.3170125E-03
 -3.7507951E-02
 -4.8134804E-02
 -1.5991043E-02
  0.2849450    
  0.5976521    
  0.8966802    
  0.4949777    
  0.4326958    
  0.3962054    
  0.7823064    
  0.7423974    
  0.5278607    
  0.4207517    
  3.0776942E-02
  2.5264051E-02
 -2.4213716E-02
  0.4306204    
  0.1035783    
  -1.019669    
  -1.323061    
 -0.7311252    
 -0.6820889    
 -0.7065775    
 -0.8955220    
 -0.7522074    
 -0.7372885    
 -0.6890338    
 -0.6223090    
  -1.100519    
  -1.272518    
  -1.868376    
  -1.751294    
  -1.256226    
 -0.7069493    
 -0.2618461    
  0.1487847    
  0.1542104    
 -0.1930145    
 -0.1715167    
 -0.1589865    
  3.2700673E-02
  0.1115069    
  0.7793623    
  0.5742555    
  0.3497041    
  0.4630613    
  0.1477331    
 -8.5268527E-02
  0.1987203    
  0.2814575    
  0.5521977    
  0.5829481    
  0.4013836    
  0.3393281    
  0.4749839    
  0.2405812    
  0.2045070    
  0.1977528    
  0.2526672    
  0.3385828    
  0.5289571    
  0.5159885    
  0.4677821    
  0.4176957    
  0.8046565    
  0.8442098    
  0.5163734    
  0.4801185    
  0.2239467    
  0.3097786    
  0.9157218    
  0.7484213    
  0.4705186    
  0.5684975    
  0.4048732    
  0.5483100    
  7.7416692E-03
 -0.2707923    
  8.8375174E-02
  0.3622269    
  0.5817019    
  0.1529445    
 -0.1167083    
 -0.3533100    
 -0.1933403    
  5.0454605E-02
 -4.8530634E-02
 -0.2096410    
 -0.4687952    
 -0.5601146    
  -1.464828    
 -0.7148095    
 -0.6148813    
 -0.2515779    
 -7.9952277E-02
 -9.7666286E-02
 -0.1005439    
 -0.4125651    
 -0.4183884    
 -0.3796824    
 -0.1796193    
  0.6059638    
   1.035103    
  0.4367778    
 -0.1080692    
 -0.2119268    
 -0.2943515    
 -0.4304257    
 -0.5822297    
 -8.5711636E-02
  0.1427820    
  0.2433452    
  0.2137479    
  0.5626658    
  0.1165261    
  0.2466391    
  0.3695334    
  1.7120628E-02
  6.8203263E-02
 -2.8662724E-02
 -0.2432555    
 -0.1127861    
 -2.9517788E-02
 -9.7002521E-02
  8.6491771E-02
  0.3768933    
  0.4590158    
  0.2925519    
  0.7335658    
  0.9422106    
  0.9439297    
  0.7760649    
  0.5361727    
  0.5144116    
  0.6616987    
  0.7281491    
  0.6827251    
  0.6430489    
  0.6403905    
  0.8470734    
  0.1891487    
 -0.9132623    
 -0.9250852    
 -0.6143585    
 -0.3911760    
  8.9294925E-02
  3.0850315E-02
  3.5482951E-02
 -0.6441112    
 -0.5966299    
 -0.9678147    
 -0.4267739    
 -0.7849141    
 -0.5613702    
 -0.4501901    
 -0.3396454    
 -0.2618717    
 -0.4988226    
 -0.2348357    
 -0.1970998    
 -0.5965518    
  -1.158851    
  -1.158873    
  -1.368125    
 -0.8326181    
 -0.6101717    
 -0.1979095    
 -9.8481979E-03
  0.1353818    
  9.4964445E-02
  3.6807735E-02
  0.1920145    
  0.2287266    
  0.1830627    
  0.6539186    
  0.4445297    
  0.1252012    
 -3.3246260E-02
  0.2731528    
  0.4153725    
  0.4257720    
  0.1601514    
  0.1397047    
  0.3346172    
  0.2850227    
  0.3796095    
  0.3267383    
  0.1268732    
 -0.3691186    
 -0.2002668    
 -0.3080361    
 -0.4073933    
 -0.2390605    
  4.2807680E-02
 -0.1428572    
  5.8939504E-03
 -7.4217118E-02
 -0.1803475    
  0.3839398    
 -0.3142666    
 -0.5564050    
 -0.4598863    
 -0.2732701    
  8.5418358E-02
  0.3894384    
  0.6150637    
  0.9363031    
  0.8471375    
  0.1378302    
  0.5740243    
  0.6117334    
  0.8845322    
  0.3320240    
  -1.186773    
  -1.495830    
  -1.256892    
  -1.304284    
  -1.397308    
  -1.348840    
  -1.363791    
  -1.428767    
  -1.655264    
  -1.957565    
  -1.887255    
  -1.707468    
 -0.8428577    
 -0.2362783    
  8.0122970E-02
 -0.1128132    
 -0.2128657    
  9.2254050E-02
  0.3641518    
  0.1970866    
  0.5173720    
  0.5952629    
  0.2552143    
  0.5113480    
  0.7460334    
  0.8395154    
  0.6588905    
  0.7880995    
  0.8545443    
   1.098254    
   1.040828    
   1.004922    
   1.259125    
   1.415069    
  0.9887081    
  0.1766192    
 -0.7704251    
  -1.216475    
  -1.300591    
  -1.537140    
 -0.9124440    
 -0.9792180    
  -1.183272    
  -1.038277    
  -1.178037    
  -1.205002    
 -0.8177650    
 -0.6540584    
  0.4680891    
  0.7482702    
  0.5858504    
  0.8619366    
   1.396010    
   1.590077    
   1.326672    
   1.104366    
   1.392948    
   1.390132    
   1.056362    
   1.253229    
 -0.2784551    
 -0.7215474    
 -0.1905240    
  3.0526383E-02
 -0.2916923    
 -0.2492864    
 -0.2054306    
 -0.5410406    
 -0.9541063    
  -1.194974    
 -0.5922573    
 -0.9099138    
 -0.4577256    
 -0.3746926    
 -0.3833462    
 -0.5214289    
 -0.1371827    
  1.6867655E-04
  0.2178853    
  0.1870202    
 -9.1173925E-02
 -0.1077245    
 -9.9264272E-02
 -0.3798441    
  7.6463551E-04
  0.1114071    
  4.6527315E-02
 -0.2820863    
 -0.4071695    
 -0.4121984    
 -6.6873536E-02
  0.2293095    
 -0.5237281    
 -0.2594733    
 -0.5090042    
 -0.4059611    
 -0.7345378    
 -0.3780957    
 -0.7268231    
 -0.7888546    
 -0.8023397    
 -0.2573831    
 -0.1913301    
 -0.1775209    
  0.3011793    
  0.2961068    
  0.6178517    
  0.9847575    
  0.9811100    
  0.7909692    
  0.1213017    
  0.2809570    
  0.7339960    
  0.7264482    
  0.9340419    
  0.9230559    
   1.105489    
   1.347212    
   1.219994    
  0.8932713    
  8.8231280E-02
 -0.4353109    
 -0.5924849    
 -0.6155027    
 -0.7572639    
 -0.7057273    
 -0.5850372    
 -0.9823017    
  -1.333453    
 -0.8458511    
  -1.066422    
 -0.8521007    
 -0.2671328    
  1.7349161E-02
  0.1775247    
  0.4035888    
  0.3552672    
  0.3091376    
  0.4730747    
  0.4822659    
  0.5013186    
  0.2677001    
 -2.3237539E-02
  0.6288596    
  6.7473057E-04
  4.8535425E-02
  0.3690663    
  0.7000285    
  0.6946354    
  0.8454196    
  0.8010659    
  0.6866891    
  0.8021640    
  0.8157611    
  0.4274086    
  4.3325838E-02
  7.9762042E-02
  0.2745447    
  0.3854267    
  0.2905717    
  0.6885598    
  0.7653184    
  0.8746889    
  0.9952055    
  0.9200320    
  0.5868936    
  0.2756610    
  4.8088819E-02
 -0.5382614    
 -0.9738269    
 -0.7512914    
 -0.6309804    
 -0.8302866    
 -0.9983888    
  -1.347133    
  -1.347958    
  -1.713259    
  -1.941734    
  -1.294469    
  -1.068014    
 -0.1878638    
  0.1635984    
  7.5952478E-02
  3.5622831E-02
  0.2770814    
  0.4685906    
  0.7015939    
  0.5830157    
  0.7909542    
  0.9878947    
   1.272492    
   1.428043    
  0.8767575    
  0.4246249    
 -0.1586582    
 -0.1994127    
 -0.4000147    
 -4.7430128E-02
 -0.1555606    
 -0.2620294    
 -0.6639752    
 -0.5713912    
 -0.7966897    
 -0.9902564    
 -0.4289139    
 -3.4158800E-02
  0.1270173    
  8.4339224E-02
  6.9249906E-02
  8.9896461E-03
 -0.1110577    
  0.1529294    
  0.1684841    
  0.5646759    
  0.6531025    
 -0.1504500    
  0.1310576    
  0.5100989    
  0.6143104    
  0.3120681    
  0.5774024    
  0.5648424    
  0.6438373    
  0.7773517    
   1.162102    
  0.7995474    
  0.3032692    
  4.5074197E-03
 -0.8724152    
  -1.004879    
 -0.8241321    
 -0.4651186    
 -0.5908713    
 -0.3250910    
 -0.7012689    
  -1.150913    
  -1.827735    
 -0.9717864    
 -0.8253577    
 -0.2478527    
  0.4349270    
  0.8137735    
   1.196186    
   1.265717    
   1.602826    
   2.206950    
   2.080779    
   1.858717    
   1.949796    
   2.034699    
   2.224259    
   1.982522    
  0.7798609    
  0.1860289    
 -0.2839041    
 -0.6188752    
 -0.7426085    
 -0.7271658    
 -0.8010222    
  -1.254778    
  -1.931426    
  -2.339216    
  -1.975432    
  -1.184546    
  -1.017079    
 -0.5545078    
 -0.4067785    
 -0.3998628    
 -0.1640283    
 -0.1612345    
 -0.1624014    
 -4.7008544E-02
 -5.6697901E-02
 -0.3306000    
 -0.2375276    
 -0.3187918    
  0.5228960    
  0.7634889    
  0.6861590    
  0.7255649    
  0.8959001    
  0.8462255    
  0.9283950    
   1.317744    
   1.631736    
   1.708711    
  0.9452740    
   1.045796    
   1.210370    
  0.6853599    
  0.3855905    
  0.2282010    
  0.3476360    
  0.4959474    
  0.5167944    
  0.7383764    
  0.6880062    
  0.1288361    
  0.5427199    
  0.1942773    
 -0.4130440    
 -0.6497079    
 -0.8001112    
 -0.8002797    
 -0.5690709    
 -0.8135650    
  -1.020485    
  -1.238738    
 -0.8104624    
 -0.3506084    
 -0.5210680    
 -0.1716736    
  0.6819301    
  0.7265297    
   1.104789    
   1.431016    
   1.395247    
   1.703995    
   1.760365    
   2.269356    
   2.283092    
   1.892239    
   1.656643    
   1.757608    
  0.9633232    
 -9.9738538E-02
 -0.5138180    
 -0.4944403    
 -0.6150987    
 -0.8239802    
  -1.120318    
 -0.8998126    
 -0.4544637    
  -1.231232    
 -0.5789456    
  3.9781492E-02
  0.8456278    
  0.8965049    
  0.9422718    
   1.217648    
   1.560549    
   1.625751    
   1.527627    
   1.633981    
   1.577210    
   1.366132    
  0.8893732    
  0.3608217    
  0.3065477    
 -0.9114020    
  -1.008977    
  -1.163908    
 -0.6457742    
 -0.6894961    
 -0.6730222    
