  0.8316534    
   1.130416    
  0.8477038    
  0.7328088    
  0.7085178    
  0.7599803    
  0.3517397    
  0.5526437    
  0.7130171    
  0.3225555    
  0.1236661    
  0.1686304    
  0.2317422    
  1.4507107E-03
 -0.3065339    
  0.2410004    
  0.2186859    
  0.2572864    
  0.4391416    
  0.4053186    
  2.4573991E-02
 -6.2060032E-02
 -0.3258865    
 -0.1498430    
  0.2045547    
   1.045440    
   1.086627    
  0.7306627    
  0.6895175    
  0.5729170    
  0.8286830    
  0.9425431    
   1.135960    
   1.342505    
   1.595386    
   1.650263    
   1.246632    
   1.096367    
  0.5593014    
  0.4714062    
  0.2406157    
  0.1612240    
 -0.7711709    
  -1.331437    
 -0.7726150    
 -0.5542058    
 -0.8476937    
 -0.9180840    
  -1.087113    
 -0.7805778    
 -0.3236953    
  0.1766769    
  0.3058120    
  0.5622571    
  0.8883000    
   1.278142    
   1.646741    
   1.928358    
   2.274004    
   1.895565    
   1.324479    
  0.9780712    
   1.075305    
   1.181285    
  0.7384581    
  0.1100622    
 -0.2819653    
 -0.3637874    
 -0.4725127    
 -0.6603545    
 -0.8070120    
 -0.9699471    
 -0.7325548    
 -0.6048750    
 -0.1380576    
  0.2453028    
  0.1631034    
  0.1970506    
  0.2140730    
  0.2861930    
  0.1984253    
  2.6936930E-02
  9.7512573E-02
 -0.1661297    
 -6.3546851E-02
 -4.1748859E-02
  3.0391656E-02
  0.2402694    
  0.3700464    
  0.4359471    
  0.4956598    
  0.6718319    
   1.036310    
   1.036162    
   1.214791    
  0.9592156    
  0.8302196    
  0.8602859    
   1.036397    
   1.228269    
   1.070498    
  0.7475023    
  0.5136161    
  7.7914529E-02
 -0.2535614    
 -0.3689462    
 -0.5319111    
 -0.6226299    
 -0.3705705    
 -9.0409324E-02
 -0.7595012    
 -0.6893302    
 -0.8333616    
 -0.6053685    
 -0.5546083    
 -0.5366210    
 -0.7467211    
 -0.6465315    
 -0.9571610    
  -1.134396    
 -0.8727880    
 -0.5225647    
 -0.1239012    
  0.1394635    
  0.3625805    
  0.6778967    
  0.9472871    
  0.9834411    
  0.9829921    
  0.9753103    
   1.118737    
   1.022713    
   1.217341    
   1.223224    
  0.7991198    
  0.6042436    
  0.2381484    
  0.3078918    
 -3.9206896E-02
 -0.2502705    
 -6.5962486E-02
 -0.1826172    
 -0.4033779    
 -0.5120470    
 -0.2306840    
  9.3272805E-02
 -0.1754329    
  0.2397646    
  0.5005999    
  0.9048909    
   1.192665    
   1.508924    
   1.592897    
   1.843355    
   1.945881    
   1.853068    
   1.893379    
   2.127154    
   1.899194    
   1.646083    
  0.8773381    
  0.1105585    
 -0.3363935    
 -0.7428207    
 -0.4795033    
 -0.6201674    
 -0.7068676    
 -0.7012095    
  -1.145002    
  -1.915722    
  -2.014786    
  -1.877246    
  -2.027668    
  -1.964168    
  -1.980270    
  -1.623824    
  -1.475092    
  -1.229768    
  -1.222191    
  -1.188798    
  -1.010253    
 -0.6145855    
 -0.7436311    
 -0.2971625    
  0.4275708    
  0.6889415    
  0.9035085    
  0.9009321    
  0.9303696    
   1.113570    
  0.9489043    
  0.6623510    
  0.6153939    
 -0.2849017    
 -0.7137624    
 -0.4350979    
 -0.9555301    
  -1.079856    
  -1.106565    
 -0.9588401    
 -0.6701939    
 -0.3323418    
 -9.1125853E-02
 -0.1598917    
 -0.1864475    
 -8.0127418E-02
 -0.2731265    
 -0.2670996    
 -0.4255190    
 -0.3887564    
 -0.4369611    
 -0.7965456    
 -0.3583706    
 -0.5161767    
 -0.6151055    
 -0.7048597    
 -0.4515011    
 -0.4396480    
 -0.4158354    
 -0.2073070    
  0.2133400    
  0.7891483    
  0.9607442    
  0.7290674    
  0.7866921    
   1.148005    
   1.117752    
   1.157631    
   1.292132    
   1.056908    
  0.7447938    
  0.3536522    
 -2.5455290E-02
 -0.4167244    
 -0.7598722    
  -1.403235    
  -1.078143    
  -1.028035    
  -1.215273    
  -1.334210    
  -1.189172    
  -1.136972    
  -1.157398    
 -0.6910281    
 -0.8105541    
 -0.7965412    
 -0.8096231    
 -0.7659782    
 -0.3312195    
 -0.2399317    
 -0.5996878    
 -0.6850737    
 -0.4068492    
 -0.5630730    
 -0.6743513    
 -0.8061600    
 -0.8103820    
 -0.3786434    
 -0.2922978    
 -0.3514008    
 -0.3136471    
 -0.2280647    
 -0.1366959    
 -4.6144128E-02
 -0.2350823    
 -4.2211425E-02
 -0.1107359    
 -0.1388264    
  0.3021283    
  0.6756380    
  0.9618770    
   1.287540    
   1.527006    
   1.896021    
   1.960195    
   1.641445    
   1.782929    
   2.109312    
   2.053390    
   1.790759    
   1.751467    
   1.221976    
  0.2665549    
  3.7095182E-02
  6.0135551E-02
  1.0514737E-05
 -0.1947446    
 -0.1925078    
 -0.2417671    
 -0.1012018    
  0.7927274    
  0.5361329    
  0.5131014    
  0.4744808    
  0.4259115    
  0.3194690    
  0.1724179    
  0.1684609    
 -2.2198273E-02
 -0.2321476    
  0.1667417    
  0.4758253    
  0.5518637    
  0.1718314    
  7.6525234E-02
  0.2680182    
 -3.7424710E-02
 -0.4618714    
 -0.8736418    
 -0.8754743    
 -0.8576881    
  -1.196880    
  -1.228733    
  -1.178579    
  -1.108285    
 -0.6557500    
 -0.2300272    
  0.2307321    
  0.5331864    
  0.7947148    
   1.173709    
   1.682549    
   1.976634    
   1.669426    
   1.376861    
   1.064578    
  0.9029302    
  0.7859805    
  0.8119707    
  1.7255124E-02
 -0.2605866    
 -0.6866834    
 -0.6836786    
 -0.5951434    
 -0.6818205    
  -1.021989    
  -1.033102    
 -0.9132435    
  -1.082513    
  -1.315754    
  -1.679451    
  -1.445109    
  -1.331287    
  -1.706817    
  -1.686772    
  -1.918231    
  -2.272408    
  -2.185738    
  -1.587694    
 -0.9447666    
  -1.109046    
  -1.063518    
  -1.071658    
 -0.6163403    
 -0.1917538    
 -0.1500661    
 -5.4579273E-02
  3.2477241E-02
  2.5043422E-03
 -0.2999945    
 -0.4205257    
 -3.3209857E-02
  0.2763904    
  5.1961262E-03
 -2.2330595E-02
  0.2719726    
  0.3314814    
  0.2496275    
  7.8602776E-02
  0.1586257    
  0.1684015    
 -4.9377341E-02
 -0.3425381    
 -0.5502147    
 -0.6684902    
 -0.8178127    
  -1.043623    
  -1.046273    
 -0.8821548    
 -0.8579143    
 -0.7556229    
 -0.7862687    
 -0.7659533    
  -1.081982    
 -0.6337813    
 -5.1636659E-02
  0.2215541    
  0.2398561    
  0.3056153    
  0.4354642    
  0.5932246    
  0.6510484    
   1.192340    
   1.112916    
   1.052479    
  0.9218797    
  0.7126508    
  0.3722496    
  0.1574990    
  0.2298300    
 -0.3824422    
  -1.335811    
  -1.611404    
  -1.754497    
  -2.068591    
  -1.985918    
  -1.960752    
  -2.020811    
  -1.437961    
  -1.130321    
  -1.317105    
  -1.232415    
  -1.253903    
 -0.7448090    
 -0.6767641    
 -0.5087975    
 -0.4645530    
 -0.2906365    
 -0.4597009    
 -0.5904387    
 -0.3045703    
 -0.4778031    
 -0.3713419    
 -0.2306654    
 -0.1212399    
  1.3299732E-04
  0.1481714    
 -8.1113018E-03
 -4.5560103E-02
  0.1797747    
  9.8742582E-03
 -3.1415895E-02
 -0.5744857    
  -1.204249    
  -1.318619    
 -0.5793319    
 -0.5386888    
 -0.5542963    
 -0.4554451    
 -0.2197005    
  8.0145441E-02
  0.2732871    
  0.1801855    
 -5.7491115E-03
 -0.1476565    
 -0.7809817    
  -1.407211    
  -1.141886    
 -0.4367439    
 -0.1842826    
  0.2209931    
  0.7703481    
   1.152301    
   1.456210    
   1.561193    
   1.604993    
   1.856883    
   1.968555    
   1.921677    
   1.334584    
   1.178464    
   1.327557    
   1.649320    
   1.561818    
   1.542170    
   1.780167    
   1.897586    
   1.876330    
   1.621722    
   1.552018    
   1.415132    
  0.8601559    
 -8.8182673E-02
 -0.9910124    
  -1.219902    
  -1.049466    
 -0.6867021    
 -0.3306927    
 -0.1346562    
 -0.2707452    
 -0.6446884    
 -0.3513122    
 -0.6029124    
 -0.3070223    
 -6.9726296E-02
 -4.2928755E-02
 -0.2349073    
 -0.2929961    
 -7.9879969E-02
  8.4277704E-02
  0.2955837    
  0.2308609    
  0.3286455    
  0.4256206    
  0.2865329    
  0.3838232    
  0.6939189    
  0.8708054    
  0.9779916    
   1.354754    
   1.461389    
   1.845726    
   1.992218    
   1.972512    
   2.123767    
   2.543981    
   2.139704    
   1.263613    
  0.4099815    
 -0.2837806    
 -0.7815980    
  -1.224102    
  -1.614894    
  -1.329106    
  -1.552824    
  -1.621066    
  -1.505518    
  -1.773821    
  -1.688685    
  -1.544189    
  -1.364939    
  -1.199737    
 -0.9322038    
  -1.038331    
 -0.8644914    
  -1.191203    
  -1.267632    
  -1.564354    
  -1.335676    
  -1.483841    
 -0.8286579    
 -0.5686033    
  2.3654701E-02
  0.2857055    
  0.6123695    
  0.6663042    
  0.7501421    
  0.8842163    
   1.095609    
  0.9077473    
  0.9216998    
  0.8793295    
  0.1087282    
  0.1347793    
  0.1363053    
  7.2430402E-02
  0.2659991    
  0.3475465    
  0.3647458    
  0.5796882    
  0.5030934    
  0.4282741    
  9.5400242E-03
 -0.4192617    
  0.2130126    
  0.2231829    
 -0.1043651    
 -0.4413311    
 -0.8003220    
 -0.7852921    
 -0.8728236    
 -0.7778627    
 -0.5676082    
 -0.4531910    
 -0.1314247    
  0.3435448    
  0.2369592    
  0.2237450    
  0.3351029    
  0.3823255    
  0.5981553    
   1.047029    
   1.019024    
  0.7638143    
  0.6529553    
  0.6084991    
  0.4761418    
 -5.6051984E-02
  -1.038708    
 -0.3642468    
 -0.6797513    
  -1.199684    
  -1.285646    
  -1.461114    
  -1.291517    
  -1.304912    
  -1.323254    
  -1.012606    
  -1.238418    
  -1.549550    
  -1.595043    
 -0.8311381    
 -0.7060280    
 -0.7942467    
 -0.7228075    
 -0.4332128    
 -0.4334306    
 -0.2399576    
 -0.3637310    
 -0.4610672    
 -0.6816136    
 -0.2494913    
  0.1796222    
  0.2846016    
  0.5205977    
  0.6803524    
  0.7131056    
  0.6801479    
   1.010364    
   1.633330    
   1.907664    
   1.751743    
   1.588002    
   1.622409    
   1.591735    
   1.090597    
  0.5066336    
 -0.2269569    
 -0.8537798    
 -0.7724321    
 -0.7721748    
 -0.8660614    
  -1.062128    
  -1.289335    
  -1.127514    
  -1.038777    
 -0.5204175    
 -0.4809018    
 -0.2371342    
  0.1382886    
  0.3789599    
  0.4974537    
  0.3288925    
  0.1788550    
 -2.3093270E-02
  0.3259982    
  0.8509079    
  0.5525324    
  0.2120300    
  0.3180954    
  0.4661503    
  0.3182575    
  0.3131555    
  0.2896971    
  0.1536821    
  0.3905458    
  0.7396221    
  0.9489719    
  0.6752329    
  0.2579487    
  8.0191016E-02
  0.4911395    
  0.7701297    
  0.6737351    
  0.6031655    
  0.6872104    
  0.7075769    
  9.6250340E-02
 -6.9667943E-02
  0.2000289    
  0.4994733    
  0.4920392    
  0.7494739    
  0.3800709    
  0.4547057    
  0.2692586    
 -0.1463050    
 -0.3643755    
 -0.8949834    
  -1.185048    
 -0.9522715    
  -1.076137    
 -0.8894886    
  0.1190064    
 -0.4134122    
 -0.1521121    
 -0.2351906    
  5.6744896E-02
  0.4685182    
  0.6019410    
  0.7818792    
  0.5375718    
  0.4956478    
  0.5150248    
  0.1268414    
  2.9333215E-02
 -0.2348543    
 -0.1897184    
 -0.4027577    
 -0.3959423    
 -0.1076315    
  0.1309116    
  0.4185697    
  0.9751558    
   1.232657    
   1.157638    
   1.279523    
   1.141488    
  0.7802609    
  0.4150927    
 -0.1908102    
  -1.002572    
  -1.501568    
  -1.942648    
  -1.241964    
 -0.6390827    
  -1.009841    
  -1.140756    
 -0.9995787    
 -0.5394757    
 -0.7132788    
 -0.4891996    
 -0.3675879    
 -0.5257170    
 -0.6219572    
 -0.6653696    
 -0.8360984    
 -0.7822887    
 -0.6157355    
 -0.4632189    
 -0.1671826    
  0.2704737    
  0.1435632    
  0.1593946    
  0.8977688    
   1.288522    
   1.515049    
   1.693339    
   1.865666    
   2.066044    
   2.496775    
   2.346202    
   2.059672    
   1.807688    
   1.202026    
  0.8397838    
  2.3315381E-02
 -0.7777736    
  -1.048946    
  -1.386967    
  -1.120329    
  -1.547561    
  -1.588897    
  -2.045853    
  -1.605039    
 -0.6935590    
 -0.8633355    
 -0.3246107    
  2.7669663E-02
  5.8429513E-02
 -0.1181930    
 -0.2849114    
 -0.4696909    
 -0.1192526    
  3.0491522E-02
 -0.1859356    
 -8.1079781E-02
 -0.3192389    
 -0.5398229    
 -0.6044591    
 -0.5025290    
 -0.2465136    
 -8.1675351E-02
  0.1108487    
  0.5898639    
  0.7670810    
  0.4105939    
  0.4933395    
  0.6179553    
  0.9660013    
  0.8213344    
  0.7760491    
   1.005770    
  0.9472531    
   1.030644    
  0.7202200    
  0.5081458    
  0.1280990    
  3.0253103E-02
  1.9029453E-02
 -0.2107644    
 -0.6424447    
  -1.161782    
  -1.035858    
  -1.246165    
  -1.719479    
  -1.652060    
  -1.794365    
  -1.734674    
  -1.845417    
  -1.771163    
  -1.802592    
  -1.316043    
  -1.014369    
  -1.304948    
 -0.8685313    
 -0.4872572    
 -0.1287283    
  0.2182033    
  0.2729602    
  0.2398991    
  0.5852582    
  0.6147360    
  0.3809008    
 -0.1716234    
 -0.6789266    
 -0.8149834    
 -0.8064592    
 -0.1386907    
  0.5006105    
  0.6231164    
   1.050397    
   1.150631    
   1.457014    
   1.438633    
   1.419380    
   1.280322    
   1.452535    
   1.387166    
   1.142549    
   1.019945    
  0.6822035    
  0.4419555    
  0.7313767    
  0.7712070    
  0.7015405    
  0.6653354    
  0.2129586    
 -7.9631716E-02
 -0.2998387    
 -0.4002710    
 -6.3828617E-02
 -0.8325619    
  -1.269750    
  -1.241527    
  -1.183924    
  -1.320851    
 -0.8902680    
 -0.6516678    
 -0.4768822    
 -0.5437530    
 -0.3854814    
  7.4784912E-02
 -0.2060101    
  5.2138384E-02
  2.0682134E-03
 -0.2307489    
 -0.5473945    
 -0.5678298    
 -0.5886541    
 -0.4847312    
 -7.2309524E-02
  7.4110101E-03
 -0.4968585    
 -0.7734501    
 -0.4556325    
 -0.2043944    
  0.1017928    
  0.3832003    
  0.6556901    
  0.8063147    
  0.8331549    
  0.7311640    
  0.8002039    
  0.9066303    
   1.500050    
   1.363236    
  0.9315386    
  0.3796494    
  2.6298983E-02
 -0.2027630    
 -0.2603686    
 -8.4964417E-02
  0.1019507    
 -2.4031628E-02
 -4.2302374E-02
 -0.2137250    
 -0.5633780    
  -1.232214    
 -0.9832777    
  -1.228105    
  -1.902931    
  -2.411874    
  -2.193678    
  -1.853696    
  -1.866011    
  -2.378897    
  -2.352662    
  -1.566074    
  -1.571563    
  -1.328717    
 -0.9383072    
 -0.6437272    
 -0.3186902    
 -8.9767352E-02
  0.1411858    
  0.1661326    
  6.1555043E-02
  0.3411088    
  0.5447621    
  0.4873972    
  0.1855331    
  0.2599764    
  0.3203630    
  0.1979138    
  3.2985378E-02
 -1.0958242E-02
 -0.3377289    
 -0.3207496    
 -0.5617704    
 -0.7195607    
 -0.4091968    
 -8.4448405E-02
  0.3852913    
 -0.1346555    
 -0.2273172    
 -0.4244455    
 -0.3152373    
 -0.3777666    
 -0.4998000    
 -0.2271720    
 -0.2563356    
 -0.5025957    
 -0.5375859    
 -0.1452626    
  0.2155685    
  0.3764224    
  0.3026325    
  0.3534085    
  0.7960919    
   1.316335    
   1.544807    
   1.478871    
   1.453681    
   1.581566    
   1.445166    
   1.064782    
  0.5758902    
  0.5855399    
  0.9545464    
   1.135191    
   1.014365    
  0.8829836    
  0.5088300    
  0.2087366    
 -0.1238056    
 -0.1704930    
 -7.5073496E-02
 -0.1525708    
 -3.1134287E-02
 -0.1733961    
 -0.3719624    
 -0.2431042    
 -0.1312778    
  0.4031725    
  0.4017771    
  0.5910637    
  0.5082017    
  0.5571120    
  0.7078806    
  0.8107672    
  0.7226922    
  0.6475969    
  0.2023335    
 -9.6966416E-02
 -0.7362451    
 -0.9917867    
 -0.8592950    
  -1.051478    
  -1.312452    
  -1.261143    
  -1.198564    
  -1.638064    
  -2.035364    
  -2.045830    
  -1.348044    
  -1.056100    
  -1.007753    
 -0.8264034    
 -0.5054911    
 -0.9312929    
 -0.7790881    
 -0.5717874    
 -0.2813233    
 -0.6151221    
 -0.5500822    
 -0.3623092    
 -0.2252354    
  0.1711789    
  0.7695162    
   1.211693    
   1.555440    
   1.757175    
   1.815138    
   1.655548    
   1.746608    
   1.596672    
   1.875240    
   1.818057    
   1.239711    
   1.223269    
   1.346391    
   1.066142    
  0.8913478    
   1.195840    
   1.655812    
   1.650372    
   1.510365    
  0.9251701    
  0.8355622    
   1.032436    
  0.6217775    
 -7.8897916E-02
 -0.9360258    
  -1.386564    
  -1.381417    
  -1.232363    
  -1.411819    
  -1.087653    
  -1.380378    
  -1.346427    
  -2.153434    
  -1.690212    
  -1.240332    
 -0.6999843    
 -0.5218062    
 -0.3501006    
 -3.8382821E-02
  0.1345079    
  0.2159431    
  0.1612196    
  0.2815024    
  0.2194939    
 -0.2774651    
  0.2382944    
  0.1089413    
 -1.3350702E-02
  0.1563617    
  0.2197045    
  0.1723976    
  0.3757538    
  4.5695350E-02
  0.2645568    
  0.5848699    
  0.5475936    
  2.7956586E-02
 -0.1251794    
 -0.2353425    
 -0.4942406    
 -0.9592857    
 -0.9433164    
  -1.045895    
 -0.7890646    
 -0.8791955    
 -0.7645779    
 -0.8777783    
 -0.5883400    
 -0.2134047    
 -0.2522593    
  9.1216363E-02
  0.3617615    
  0.4880566    
  0.5008682    
  0.6971994    
  0.6246350    
  0.1626220    
 -7.0298098E-02
 -3.3709005E-02
 -0.5566921    
  -1.103067    
  -1.089085    
 -0.5489283    
 -0.5173631    
 -0.4283730    
 -0.4438864    
 -0.5157670    
 -0.5948588    
 -0.6884782    
 -0.7236211    
 -0.6530206    
 -0.5529150    
 -0.7330658    
 -0.8145762    
 -0.6503280    
 -0.7866940    
 -0.9191586    
 -0.7796158    
 -0.6449937    
 -0.5282944    
 -0.4242679    
 -0.2866347    
 -0.3589971    
 -0.2666673    
 -0.1938788    
  0.5028066    
  0.6323925    
  0.4555447    
  0.8983146    
   1.077539    
   1.425167    
   1.405612    
   1.280152    
   1.588673    
   1.791340    
   1.221421    
  0.5500535    
  3.8009789E-02
  0.1373150    
 -0.2285391    
 -0.8293877    
 -0.9268753    
 -0.4802157    
 -0.1109275    
  5.3116325E-02
  9.2076160E-02
  0.1818829    
  4.8966412E-03
  0.1861540    
  0.4562005    
  0.3565599    
  0.1127344    
  0.1226310    
  0.2078038    
 -8.0995336E-02
 -0.4527634    
  -1.198687    
  -1.269968    
  -1.115092    
 -0.6648765    
 -0.7676039    
 -0.5652442    
 -0.4780749    
 -8.8426158E-02
  0.3934465    
  0.6965736    
  0.7515851    
  0.6808645    
  0.5641050    
  0.3209421    
  0.2553846    
 -7.4357942E-02
  -1.221961    
 -0.6583676    
 -0.4232536    
 -0.6185038    
 -0.7756406    
 -0.8387854    
 -0.8244771    
  -1.201562    
  -1.074372    
  -1.194042    
 -0.8947172    
 -0.7042095    
 -0.6057385    
 -0.6071445    
 -0.5587671    
  5.5771213E-02
  0.7653180    
  0.9946510    
   1.169955    
   1.029981    
   1.074155    
  0.9689702    
  0.9458780    
  0.3104407    
  0.2926384    
  0.7325279    
  0.3844161    
  0.4275585    
  0.4865720    
  0.3378859    
  0.2807402    
  0.1158679    
  0.1366835    
  0.1891416    
  1.1996173E-02
  0.4349460    
  0.6515846    
  0.7845609    
  0.3220879    
  1.5114262E-02
 -0.7316221    
  -1.056385    
 -0.8593348    
  -1.025872    
  -1.445531    
  -1.541004    
  -1.663565    
  -2.045356    
  -1.827775    
  -1.675557    
  -1.384559    
  -1.000256    
 -0.5933913    
 -0.2886021    
 -0.2004986    
 -0.3392154    
 -0.3225610    
  0.1253996    
  0.1500964    
  0.3317952    
  0.4176877    
  4.3567445E-02
 -0.2709132    
 -1.2004052E-02
 -0.1195226    
 -9.5602855E-02
 -0.4074456    
 -0.8147440    
 -0.7856616    
 -0.8926728    
 -0.4682994    
 -0.3718244    
 -0.1471961    
 -0.5885420    
 -0.6031693    
 -0.2088819    
 -0.1200738    
  4.8141144E-02
 -0.1119837    
 -5.1994915E-03
  0.2307433    
  0.3482684    
  0.4092132    
  0.5999852    
  0.8232249    
  0.8066196    
  0.5666279    
  0.6625057    
   1.187188    
   1.558962    
   1.634486    
   1.316156    
   1.325216    
   1.100881    
  0.8160586    
  0.5050046    
  0.7852743    
  0.5991632    
  0.4492946    
 -0.2170497    
 -0.9093111    
  -1.269980    
  -1.330144    
  -1.673046    
  -1.853598    
 -0.8796138    
 -0.5534020    
 -0.1871887    
 -0.2843313    
 -0.5387643    
 -0.3745808    
 -0.1223847    
 -3.2318871E-02
 -0.1135222    
 -7.1732111E-02
 -0.3055156    
 -0.3610381    
 -5.8266714E-02
 -3.8710663E-03
  7.3230043E-02
  0.3049621    
  0.6013475    
  0.4877041    
  0.4685987    
  0.2426146    
 -2.3134818E-02
 -3.9223689E-03
  0.2411280    
  0.1832865    
  0.3059784    
  0.2456370    
  0.4343732    
  0.6222071    
  0.7070643    
  0.2602686    
  1.3182908E-02
  9.3219295E-02
 -4.5671485E-02
 -0.1882411    
 -0.2253266    
 -0.5399655    
 -0.9152167    
 -0.4228043    
 -0.7140003    
 -0.7790095    
 -0.7547827    
 -0.6062470    
 -0.3588719    
 -0.3336726    
 -0.1413162    
 -3.1308222E-03
  0.2343190    
  0.3020243    
  0.1564495    
  0.5428572    
  0.7620696    
  0.7935937    
  0.7879978    
  0.3700415    
  0.3759441    
  0.5863856    
  0.4520845    
  0.4662646    
  0.1395238    
 -9.5564440E-02
 -6.9310501E-02
 -0.1103538    
 -0.4963735    
  -1.115506    
 -0.4177308    
 -0.3445807    
 -0.5455762    
 -0.8457149    
 -0.7444956    
 -0.7769844    
 -0.7272958    
 -0.7207683    
 -0.9046207    
 -0.9153086    
 -0.8577552    
 -0.7390617    
 -0.2955887    
 -0.3701048    
  8.3109215E-02
  0.3833217    
  0.3687205    
  0.5520087    
  0.5569216    
  0.4492239    
  0.5357489    
  0.6812282    
  0.7302107    
  0.7452896    
  0.6644379    
  0.6197780    
   1.036580    
   1.048059    
   1.479141    
   1.577834    
  0.9517435    
  0.4412464    
  0.7552800    
  0.7060851    
  0.5320119    
  0.3271290    
  0.5420287    
  0.5004859    
  0.2986327    
  0.3857886    
  0.5069686    
  0.3319471    
  0.2552663    
  9.0684831E-02
 -6.3812830E-02
 -0.1380700    
 -0.3254763    
 -0.5545210    
 -0.6622939    
 -0.5864256    
 -0.5903607    
 -0.9389585    
  -1.243175    
  -1.201544    
  -1.214863    
 -0.7506115    
 -0.4478616    
 -0.2074814    
 -0.2151143    
 -7.5768203E-02
  0.1770319    
 -7.3778287E-02
 -0.2923477    
  2.0893819E-03
  7.4769251E-02
 -2.0991394E-02
 -0.1800932    
 -0.5459815    
 -0.5667670    
 -0.5706002    
 -0.8559517    
 -0.4763146    
 -0.3304335    
 -0.3622999    
 -5.1250529E-02
  0.5409222    
  0.9791054    
   1.138520    
   1.360690    
   1.343865    
   1.232159    
   1.298894    
   1.343697    
   1.605297    
   1.323400    
  0.9434935    
  0.8551291    
  0.6238121    
  0.1510363    
 -0.2479974    
 -0.6935097    
 -0.4767990    
 -0.4578571    
 -0.4991998    
 -0.9410056    
  -1.284016    
 -0.8864055    
 -0.6059701    
 -0.1931248    
 -0.4883858    
 -0.6906257    
 -0.7477797    
 -0.7064914    
 -0.5315761    
 -0.3752574    
 -0.1233259    
  0.1196249    
  3.1335901E-02
  0.3853076    
  0.5517540    
  0.8208364    
   1.283424    
   1.771664    
   1.892990    
   2.039839    
   2.033906    
   2.101145    
   1.855438    
   1.555404    
   1.630863    
   1.598368    
  0.9812721    
  0.4388921    
  7.6195814E-02
 -0.4397739    
 -0.5247732    
 -0.7765748    
 -0.7444426    
 -0.8978106    
 -0.7047615    
 -0.6972667    
  -1.405604    
  -1.009660    
 -0.7351509    
 -0.3729624    
 -0.2732689    
  4.2385258E-02
  0.4230311    
  0.1759584    
  6.5841168E-02
  0.1493609    
  0.5231114    
  0.3168066    
  0.7965079    
  0.9299591    
  0.5628255    
  0.1993896    
  0.3095401    
  0.3658297    
  0.3487200    
 -4.8336484E-02
 -0.5367284    
 -0.7958281    
 -0.3995242    
 -0.2547610    
 -0.5003571    
 -3.5449721E-02
 -0.2346605    
  0.1450204    
  0.1493581    
  0.1136979    
 -0.5602426    
  -1.086267    
 -0.9574592    
  -1.517085    
  -1.013304    
 -0.3215440    
 -0.1921215    
 -0.1178464    
 -3.7660468E-02
  0.2244855    
  0.6216080    
  0.9469567    
  0.8561808    
  0.5916777    
  0.5134571    
  0.1014358    
  0.1435774    
 -0.2431526    
  3.9679073E-02
  0.4078498    
  0.1598570    
  0.8220578    
   1.312851    
   1.622694    
   1.341454    
   1.207588    
  0.9312692    
   1.137028    
   1.284301    
  0.4791807    
  0.4214005    
  0.5665632    
  0.2631826    
  0.1646985    
 -0.6154835    
  -1.102878    
  -1.110233    
 -0.8593212    
 -0.5092598    
 -0.1743350    
 -9.1172211E-02
 -8.3331183E-02
 -0.3123699    
 -0.4398623    
 -0.3832170    
 -0.4650147    
 -0.6594427    
 -0.8979524    
 -0.7219288    
 -0.8724715    
 -0.9444793    
  -1.281906    
  -1.279154    
 -0.8756618    
  -1.036231    
 -0.6890407    
 -0.3609440    
 -5.3297546E-02
  0.1692501    
  0.2481508    
  0.5531270    
  0.1837586    
  0.1104481    
 -3.0846044E-02
  0.1961950    
  5.7482567E-02
  0.2039786    
  0.4047410    
  0.4318880    
  0.5147360    
  0.8587590    
  0.7980612    
   1.024577    
  0.8892585    
  0.2407023    
  0.2080107    
  0.4750614    
  0.4925236    
 -8.9002714E-02
 -0.1484054    
 -0.4431608    
  -1.162866    
  -1.819203    
  -2.115726    
  -1.780684    
  -1.880264    
  -2.213270    
  -1.603681    
  -1.469304    
  -1.141914    
 -0.9020573    
 -0.7316704    
 -0.7693018    
 -0.3520180    
 -1.1504917E-04
  3.5532556E-02
  5.5786211E-02
 -9.2155807E-02
  0.1860288    
  0.1710213    
  1.0541488E-02
 -0.3240665    
 -8.2016177E-03
  6.9299921E-02
 -0.1586343    
  1.3145224E-02
  0.6463789    
   1.042409    
  0.9021640    
  0.8259403    
  0.9605193    
  0.5934276    
  0.4660608    
  0.1172945    
  0.4931711    
  0.6222344    
  0.5986108    
  0.6695107    
  0.8947871    
  0.9441148    
  0.8023021    
  0.6705055    
  0.3820075    
  3.1758524E-02
 -4.3329973E-02
  4.7468594E-03
  0.4461695    
  0.6500031    
  0.3631628    
  0.3750541    
  0.9265720    
   1.028268    
  0.8426080    
  0.9215365    
  0.8840756    
  0.9897665    
  0.9290261    
  0.9571749    
  0.9991551    
   1.216926    
  0.9152027    
  0.9384713    
   1.290087    
   1.166166    
  0.9746714    
  0.4093874    
  0.1833483    
  0.2035430    
  0.4041715    
  0.1635532    
  0.4411201    
  0.4535230    
  0.3040648    
  7.1938641E-02
  0.2307756    
  0.3748874    
  0.5592748    
  0.1707266    
  0.2080074    
  0.3220143    
  0.3456437    
  0.2061227    
  0.2859248    
  0.4944831    
  0.3394609    
  3.3659060E-02
  0.2104050    
  0.3151260    
  0.4961499    
  0.4147991    
  0.3742165    
  0.7655859    
  0.8541231    
  0.9819126    
   1.067107    
   1.175121    
  0.6279162    
  0.5831149    
  0.6489624    
  0.4639251    
 -7.3355980E-02
 -0.1546780    
 -0.7450501    
 -0.4550169    
 -0.1594363    
 -9.3028270E-02
 -0.8222931    
 -0.2453971    
 -0.2354042    
 -0.2611993    
 -0.4844487    
 -0.5336635    
 -0.4415416    
 -0.6282525    
 -0.5950521    
 -0.5730368    
 -0.4697965    
 -0.4311975    
 -0.2600541    
 -0.1514388    
 -0.2702585    
 -6.5051898E-02
  3.0805713E-02
 -7.8368159E-03
 -6.6845946E-02
 -0.1000363    
 -0.5085095    
 -0.6076735    
 -0.4575469    
